1.000000000000000000e+00
1.000000000000000000e+00
1.000000000000000000e+00
1.000000000000000000e+00
1.000000000000000000e+00
1.000000000000000000e+00
1.000000000000000000e+00
1.000000000000000000e+00
1.000000000000000000e+00
1.000000000000000000e+00
1.000000000000000000e+00
1.000000000000000000e+00
1.000000000000000000e+00
1.000000000000000000e+00
1.000000000000000000e+00
1.000000000000000000e+00
1.000000000000000000e+00
1.000000000000000000e+00
1.000000000000000000e+00
1.000000000000000000e+00
1.000000000000000000e+00
1.000000000000000000e+00
1.000000000000000000e+00
1.000000000000000000e+00
1.000000000000000000e+00
1.000000000000000000e+00
1.000000000000000000e+00
1.000000000000000000e+00
1.000000000000000000e+00
1.000000000000000000e+00
1.000000000000000000e+00
1.000000000000000000e+00
1.000000000000000000e+00
1.000000000000000000e+00
1.000000000000000000e+00
1.000000000000000000e+00
9.473684210526315264e-01
9.473684210526315264e-01
9.473684210526315264e-01
9.473684210526315264e-01
9.473684210526315264e-01
9.473684210526315264e-01
9.473684210526315264e-01
9.473684210526315264e-01
9.473684210526315264e-01
9.473684210526315264e-01
9.473684210526315264e-01
7.023346303501944998e-01
7.598784194528875879e-01
7.396002160994057384e-01
7.767564018384767177e-01
7.856592729513247608e-01
8.078309205302058871e-01
8.258560794044664810e-01
8.416396461310595711e-01
8.416396461310595711e-01
8.478260869565217295e-01
8.314535546825497780e-01
8.314535546825497780e-01
8.314535546825497780e-01
8.314535546825497780e-01
8.314535546825497780e-01
8.120959757731057715e-01
8.120959757731057715e-01
7.959106806564433256e-01
7.959106806564433256e-01
7.959106806564433256e-01
7.959106806564433256e-01
7.959106806564433256e-01
7.959106806564433256e-01
7.959106806564433256e-01
7.822862564922093975e-01
7.822862564922093975e-01
7.822862564922093975e-01
7.822862564922093975e-01
7.822862564922093975e-01
7.221931088693829270e-01
7.008117923520614800e-01
7.008117923520614800e-01
7.174361088211046455e-01
7.174361088211046455e-01
7.398157062302296305e-01
7.398157062302296305e-01
7.398157062302296305e-01
7.398157062302296305e-01
7.266406736345466522e-01
7.266406736345466522e-01
7.114782238259911296e-01
7.114782238259911296e-01
7.037475699117691219e-01
7.037475699117691219e-01
6.939580086183184671e-01
6.939580086183184671e-01
6.985760823021177623e-01
6.985760823021177623e-01
6.985760823021177623e-01
6.985760823021177623e-01
6.985760823021177623e-01
6.985760823021177623e-01
6.985760823021177623e-01
6.985760823021177623e-01
6.985760823021177623e-01
6.985760823021177623e-01
6.985760823021177623e-01
6.985760823021177623e-01
6.985760823021177623e-01
6.985760823021177623e-01
7.093411175979983385e-01
6.851223012555582859e-01
6.956181194730193251e-01
6.956181194730193251e-01
6.754525219199132291e-01
6.759370105244869587e-01
6.620375152122074391e-01
6.620375152122074391e-01
6.460165898617511449e-01
6.311786553061335958e-01
6.311786553061335958e-01
6.033499369861369255e-01
6.125886934678897999e-01
6.084810343351314543e-01
6.178120914669505970e-01
6.268813175751107858e-01
6.268813175751107858e-01
6.321523676253415491e-01
6.246121990095064858e-01
6.312626960960038280e-01
6.285769222445483084e-01
6.356348106245083285e-01
6.437294069345365077e-01
6.421332947391272805e-01
6.421332947391272805e-01
6.467464874445796319e-01
6.467464874445796319e-01
6.467464874445796319e-01
6.467464874445796319e-01
6.467464874445796319e-01
6.572225118858404658e-01
6.572225118858404658e-01
6.607820804859528829e-01
6.607820804859528829e-01
6.659327924633601237e-01
6.707849152021598815e-01
6.707849152021598815e-01
6.707849152021598815e-01
6.707849152021598815e-01
6.707849152021598815e-01
6.707849152021598815e-01
6.707849152021598815e-01
6.707849152021598815e-01
6.644675725542765754e-01
6.644675725542765754e-01
6.610402476239199965e-01
6.610402476239199965e-01
6.551358363858363898e-01
6.551358363858363898e-01
6.551358363858363898e-01
6.551358363858363898e-01
6.551358363858363898e-01
6.551358363858363898e-01
6.551358363858363898e-01
6.551358363858363898e-01
6.551358363858363898e-01
6.551358363858363898e-01
6.551358363858363898e-01
6.551358363858363898e-01
6.581832342795691515e-01
6.581832342795691515e-01
6.590208110395406882e-01
6.590208110395406882e-01
6.551785989017491207e-01
6.597871349264309293e-01
6.597871349264309293e-01
6.627770681070903613e-01
6.641490242416042689e-01
6.661743315738656301e-01
6.677748614756489065e-01
6.745822481532104398e-01
6.782303783937565500e-01
6.813345724565996742e-01
6.850205112022720311e-01
6.850205112022720311e-01
6.871245110720598515e-01
6.872415347279279274e-01
6.872415347279279274e-01
6.853571426788459542e-01
6.853571426788459542e-01
6.850869715810133931e-01
6.850869715810133931e-01
6.850869715810133931e-01
6.850869715810133931e-01
6.850869715810133931e-01
6.850869715810133931e-01
6.850869715810133931e-01
6.850869715810133931e-01
6.850869715810133931e-01
6.850869715810133931e-01
6.888964810386061233e-01
6.925416289639821921e-01
6.961030747275558372e-01
6.997639774231669829e-01
7.003093082109385081e-01
7.003093082109385081e-01
6.998657282398594859e-01
6.998657282398594859e-01
6.998657282398594859e-01
6.998657282398594859e-01
6.998657282398594859e-01
6.998657282398594859e-01
6.998657282398594859e-01
6.998657282398594859e-01
6.998657282398594859e-01
6.998657282398594859e-01
6.998657282398594859e-01
6.998657282398594859e-01
6.953519521485055366e-01
6.953519521485055366e-01
6.932332733351915799e-01
6.932332733351915799e-01
6.932332733351915799e-01
6.932332733351915799e-01
6.932332733351915799e-01
6.932332733351915799e-01
6.932332733351915799e-01
6.932332733351915799e-01
6.932332733351915799e-01
6.932332733351915799e-01
6.960877647099699139e-01
6.960877647099699139e-01
7.021537643504883741e-01
7.021537643504883741e-01
7.050021155340415735e-01
7.097253371391955001e-01
7.097253371391955001e-01
7.124159317566656213e-01
7.130936773816021201e-01
7.130936773816021201e-01
7.140940652605554106e-01
7.116240846759890326e-01
7.109419023073580979e-01
7.098915708821268433e-01
7.098915708821268433e-01
7.098915708821268433e-01
7.098915708821268433e-01
7.098915708821268433e-01
7.098915708821268433e-01
7.098915708821268433e-01
7.098915708821268433e-01
7.098915708821268433e-01
7.098915708821268433e-01
7.098915708821268433e-01
7.098915708821268433e-01
7.098915708821268433e-01
7.098915708821268433e-01
7.098915708821268433e-01
7.098915708821268433e-01
7.119427107585356573e-01
7.144082332761577669e-01
7.144082332761577669e-01
7.153516624640275934e-01
7.178408692604276720e-01
7.178408692604276720e-01
7.203535134786857030e-01
7.196441268507640654e-01
7.182507348280819937e-01
7.182507348280819937e-01
7.168930791707220918e-01
7.168930791707220918e-01
7.168930791707220918e-01
7.168930791707220918e-01
7.168930791707220918e-01
7.168930791707220918e-01
7.133415002851393183e-01
7.133415002851393183e-01
7.112439827969627704e-01
7.112439827969627704e-01
7.112439827969627704e-01
7.087516930523791725e-01
7.087516930523791725e-01
7.087516930523791725e-01
7.087516930523791725e-01
7.087516930523791725e-01
7.087516930523791725e-01
7.087516930523791725e-01
7.087516930523791725e-01
7.087516930523791725e-01
7.087516930523791725e-01
7.104703101422528144e-01
7.125475915885920442e-01
7.125475915885920442e-01
7.138583205792730091e-01
7.138583205792730091e-01
7.147310333206958743e-01
7.147310333206958743e-01
7.159858603949662559e-01
7.142450708779392032e-01
7.161853460306317753e-01
7.114741405798454821e-01
7.102691709027939559e-01
7.078256190929368419e-01
7.078256190929368419e-01
7.079246031857729937e-01
7.100173514234117134e-01
7.100173514234117134e-01
7.100173514234117134e-01
7.100173514234117134e-01
7.121276088474859378e-01
7.121276088474859378e-01
7.131319238834248342e-01
7.141653030893979626e-01
7.141653030893979626e-01
7.162391142024798762e-01
7.162391142024798762e-01
7.161820427977402259e-01
7.161820427977402259e-01
7.161820427977402259e-01
7.161820427977402259e-01
7.182101826534130762e-01
7.216350351546344521e-01
7.216350351546344521e-01
7.233955585191764737e-01
7.250555107402590904e-01
7.250555107402590904e-01
7.250555107402590904e-01
7.250555107402590904e-01
7.250555107402590904e-01
7.250555107402590904e-01
7.250555107402590904e-01
7.250555107402590904e-01
7.250555107402590904e-01
7.250555107402590904e-01
7.250555107402590904e-01
7.250555107402590904e-01
7.250555107402590904e-01
7.219996855904468047e-01
7.219996855904468047e-01
7.219996855904468047e-01
7.219996855904468047e-01
7.219996855904468047e-01
7.219996855904468047e-01
7.219996855904468047e-01
7.219996855904468047e-01
7.219996855904468047e-01
7.219996855904468047e-01
7.219996855904468047e-01
7.219996855904468047e-01
7.206305661785942229e-01
7.222951632450695936e-01
7.222951632450695936e-01
7.222951632450695936e-01
7.238601159122338702e-01
7.250949372871472454e-01
7.250949372871472454e-01
7.268289454088133761e-01
7.268289454088133761e-01
7.285285702306554256e-01
7.314589513367780738e-01
7.330931102690099177e-01
7.348051382249521923e-01
7.380773834170218928e-01
7.396563012223839051e-01
7.412931660643452547e-01
7.428694195498518615e-01
7.437517947068659208e-01
7.463348695022017365e-01
7.463348695022017365e-01
7.475588921902711625e-01
7.472738309200400719e-01
7.483352988353468849e-01
7.492043333850434417e-01
7.492043333850434417e-01
7.500087382041649153e-01
7.502789415030372000e-01
7.502789415030372000e-01
7.502789415030372000e-01
7.502789415030372000e-01
7.502789415030372000e-01
7.502789415030372000e-01
7.517142441653789087e-01
7.540781498069714095e-01
7.547168538112718483e-01
7.554861082238883974e-01
7.558404688520166115e-01
7.580910112586390914e-01
7.580910112586390914e-01
7.595731272285293212e-01
7.602875610120987115e-01
7.604806525794588490e-01
7.604806525794588490e-01
7.598067566224103730e-01
7.582838037082468841e-01
7.578360937219326132e-01
7.580587746707273533e-01
7.580587746707273533e-01
7.574364757528488923e-01
7.574364757528488923e-01
7.574364757528488923e-01
7.574364757528488923e-01
7.524988988101115606e-01
7.524988988101115606e-01
7.505965259116453847e-01
7.505965259116453847e-01
7.505965259116453847e-01
7.505965259116453847e-01
7.505965259116453847e-01
7.505965259116453847e-01
7.487288285205403460e-01
7.490507233037748680e-01
7.490507233037748680e-01
7.495098798572775722e-01
7.493123333026027177e-01
7.505695269141225978e-01
7.513006624339511053e-01
7.524788214672127884e-01
7.536538032124147080e-01
7.536538032124147080e-01
7.552581374588198670e-01
7.552581374588198670e-01
7.559681456177838044e-01
7.557224644184612483e-01
7.557224644184612483e-01
7.565772997507570485e-01
7.567471798597691368e-01
7.567471798597691368e-01
7.574714977461159959e-01
7.567074229403653041e-01
7.582238110471669623e-01
7.570317686273962954e-01
7.580019319282552681e-01
7.578307624691591471e-01
7.582810753330181397e-01
7.591517092525632560e-01
7.591517092525632560e-01
7.590270652685846553e-01
7.590270652685846553e-01
7.590270652685846553e-01
7.590270652685846553e-01
7.601013675928793845e-01
7.611661370408164817e-01
7.611661370408164817e-01
7.611661370408164817e-01
7.631989039432309774e-01
7.640542905660532291e-01
7.646542521134310766e-01
7.660681556327799679e-01
7.660681556327799679e-01
7.667472073081237349e-01
7.667472073081237349e-01
7.674848732061384515e-01
7.684289290750002666e-01
7.684289290750002666e-01
7.672515958863912466e-01
7.675124367669396985e-01
7.659572257195838008e-01
7.660197708686329321e-01
7.660197708686329321e-01
7.660197708686329321e-01
7.660197708686329321e-01
7.660197708686329321e-01
7.637097609627219175e-01
7.616227497467952245e-01
7.616227497467952245e-01
7.616227497467952245e-01
7.616227497467952245e-01
7.616227497467952245e-01
7.616227497467952245e-01
7.616227497467952245e-01
7.616227497467952245e-01
7.603875214529217663e-01
7.562216053364011481e-01
7.530170025467137762e-01
7.513762667774901427e-01
7.480903083867213033e-01
7.433365972152146117e-01
7.426062549018899173e-01
7.426062549018899173e-01
7.399697769436318628e-01
7.370832660350276067e-01
7.370832660350276067e-01
7.340661224582034627e-01
7.322197684640294746e-01
7.322197684640294746e-01
7.312313633288827219e-01
7.304441168041543309e-01
7.304441168041543309e-01
7.306550310838046958e-01
7.311404513204229350e-01
7.312366670206387198e-01
7.330715330987640499e-01
7.340358857159015038e-01
7.340358857159015038e-01
7.354502766765947941e-01
7.363722358770982135e-01
7.369609644117618430e-01
7.369609644117618430e-01
7.379308267169836233e-01
7.379308267169836233e-01
7.397329653709749930e-01
7.406823245605090866e-01
7.416284586351215014e-01
7.416284586351215014e-01
7.434852381577600200e-01
7.434852381577600200e-01
7.428585185256576517e-01
7.428277001889787012e-01
7.411383085737611731e-01
7.412038344753666408e-01
7.412038344753666408e-01
7.413533193975417879e-01
7.417899603326688629e-01
7.402759739008180073e-01
7.395494613860976729e-01
7.395494613860976729e-01
7.395494613860976729e-01
7.395494613860976729e-01
7.395494613860976729e-01
7.395494613860976729e-01
7.376124773424258541e-01
7.361309603389830647e-01
7.361309603389830647e-01
7.361309603389830647e-01
7.361309603389830647e-01
7.361309603389830647e-01
7.361309603389830647e-01
7.361309603389830647e-01
7.361309603389830647e-01
7.361309603389830647e-01
7.352081416167856043e-01
7.352081416167856043e-01
7.345724633174793849e-01
7.325169863117356739e-01
7.306625833969773165e-01
7.296893861581785767e-01
7.296893861581785767e-01
7.276880534683377588e-01
7.267773575695731791e-01
7.253229542625805326e-01
7.217421231536615966e-01
7.205450770752732659e-01
7.191806571898975431e-01
7.172265670246703584e-01
7.172265670246703584e-01
7.154606897499391494e-01
7.157794024995641768e-01
7.154460282686904149e-01
7.152367984697650671e-01
7.151461454336549561e-01
7.150778187839796907e-01
7.153036774850470847e-01
7.156012458447051916e-01
7.160691912702694673e-01
7.160691912702694673e-01
7.160691912702694673e-01
7.160691912702694673e-01
7.160691912702694673e-01
7.160691912702694673e-01
7.160691912702694673e-01
7.160691912702694673e-01
7.175821264200071825e-01
7.184156610826554212e-01
7.192743798445293546e-01
7.205944468942925285e-01
7.205944468942925285e-01
7.212119115654002099e-01
7.212119115654002099e-01
7.220749517462073941e-01
7.214957837156054099e-01
7.223419193831157603e-01
7.223877710959279996e-01
7.231727542776555939e-01
7.235643878146386099e-01
7.235643878146386099e-01
7.225622864047053229e-01
7.230030214673748290e-01
7.230030214673748290e-01
7.230030214673748290e-01
7.230030214673748290e-01
7.214315653277125762e-01
7.214315653277125762e-01
7.214315653277125762e-01
7.198697737080588244e-01
7.198697737080588244e-01
7.198697737080588244e-01
7.198697737080588244e-01
7.198697737080588244e-01
7.198697737080588244e-01
7.198697737080588244e-01
7.206217431124911643e-01
7.175852229634149815e-01
7.183864254881606737e-01
7.180829486473156997e-01
7.187534262989760947e-01
7.187534262989760947e-01
7.194580211094070421e-01
7.194580211094070421e-01
7.202783179174279127e-01
7.202783179174279127e-01
7.201769537527240583e-01
7.203809640585790985e-01
7.158277054188971755e-01
7.162169089003276312e-01
7.122701113749142499e-01
7.129946732654510733e-01
7.103999725679985833e-01
7.074315386706772069e-01
7.074315386706772069e-01
7.055110271233047126e-01
7.051437147553301088e-01
7.057221237445493456e-01
7.055780186787049546e-01
7.048472920006129128e-01
7.056529057753631040e-01
7.057497997750464824e-01
7.057497997750464824e-01
7.057497997750464824e-01
7.057497997750464824e-01
7.057497997750464824e-01
7.057497997750464824e-01
7.069708725890053724e-01
7.076648419196639450e-01
7.083101700853475791e-01
7.083101700853475791e-01
7.089978490075138362e-01
7.097018388567579716e-01
7.101563202464868940e-01
7.100275954701273928e-01
7.100275954701273928e-01
7.095852628908866366e-01
7.087393625402715891e-01
7.087393625402715891e-01
7.079337513939223392e-01
7.073663021979860188e-01
7.073663021979860188e-01
7.062472727070588929e-01
7.062472727070588929e-01
7.049585429679161575e-01
7.042569957305114814e-01
7.042569957305114814e-01
7.042569957305114814e-01
7.042569957305114814e-01
7.027978636745335628e-01
7.027978636745335628e-01
7.013464701681456637e-01
7.013464701681456637e-01
7.013464701681456637e-01
7.013464701681456637e-01
7.004989274044310932e-01
6.960158974153217715e-01
6.960158974153217715e-01
6.960158974153217715e-01
6.954586526594591644e-01
6.917048615443439630e-01
6.868996343527177251e-01
6.868996343527177251e-01
6.825897026183543881e-01
6.795495984921127164e-01
6.800422088733518722e-01
6.778115775542760124e-01
6.778115775542760124e-01
6.782040127492723336e-01
6.782040127492723336e-01
6.761400228359318865e-01
6.738538155602971091e-01
6.738176124620807173e-01
6.719456490588686659e-01
6.704327131843200727e-01
6.705888547687516299e-01
6.707969850872376183e-01
6.710921010214487836e-01
6.716479379048297949e-01
6.717644798305582032e-01
6.721885880292924886e-01
6.723225237137638866e-01
6.723225237137638866e-01
6.723225237137638866e-01
6.723225237137638866e-01
6.723225237137638866e-01
6.728671271677034715e-01
6.730042968749100352e-01
6.740716382761289260e-01
6.740716382761289260e-01
6.739836971398568410e-01
6.739836971398568410e-01
6.730279200175466325e-01
6.736379004057138076e-01
6.726912502037771802e-01
6.717491819315304369e-01
6.719336193268400370e-01
6.712118319896748231e-01
6.712118319896748231e-01
6.706017866852314047e-01
6.701698697266884608e-01
6.701698697266884608e-01
6.701698697266884608e-01
6.701698697266884608e-01
6.701698697266884608e-01
6.688998599611664098e-01
6.688998599611664098e-01
6.688998599611664098e-01
6.688998599611664098e-01
6.676358626151032150e-01
6.676358626151032150e-01
6.676358626151032150e-01
6.676358626151032150e-01
6.676358626151032150e-01
6.676358626151032150e-01
6.658503058949442055e-01
6.658503058949442055e-01
6.650017177053557660e-01
6.630981282729169202e-01
6.630981282729169202e-01
6.613732545904749127e-01
6.607863330389998069e-01
6.607863330389998069e-01
6.614984157181196256e-01
6.614984157181196256e-01
6.621135517614616939e-01
6.627957285482489747e-01
6.634277094023206534e-01
6.640910852048932389e-01
6.647018906812018901e-01
6.641137289010597966e-01
6.641137289010597966e-01
6.636970496245915285e-01
6.640415461196448321e-01
6.640415461196448321e-01
6.644748712226258291e-01
6.652081224818309213e-01
6.655065173010962232e-01
6.659503883629800391e-01
6.667533839695461984e-01
6.667533839695461984e-01
6.667533839695461984e-01
6.667533839695461984e-01
6.667533839695461984e-01
6.667533839695461984e-01
6.669720198677779877e-01
6.672233226711782317e-01
6.672233226711782317e-01
6.672233226711782317e-01
6.672233226711782317e-01
6.678480606236469885e-01
6.681761810369043486e-01
6.681761810369043486e-01
6.668909989418625450e-01
6.656944028350848530e-01
6.656944028350848530e-01
6.650519262205020210e-01
6.645694913821473815e-01
6.633812673040442309e-01
6.633812673040442309e-01
6.631902273941345793e-01
6.616665956253862113e-01
6.616665956253862113e-01
6.607056551579755244e-01
6.598659920309430937e-01
6.598659920309430937e-01
6.598659920309430937e-01
6.598659920309430937e-01
6.587299963099938482e-01
6.587299963099938482e-01
6.580107616991496267e-01
6.580107616991496267e-01
6.580107616991496267e-01
6.580107616991496267e-01
6.580107616991496267e-01
6.580107616991496267e-01
6.558771250730309754e-01
6.558771250730309754e-01
6.539511276551033259e-01
6.536062879055912767e-01
6.519234145147717596e-01
6.519234145147717596e-01
6.509876264543191793e-01
6.509734079339831725e-01
6.502927418962655137e-01
6.502927418962655137e-01
6.500967040688133691e-01
6.496180133117801514e-01
6.503199474422909354e-01
6.497265212264091705e-01
6.503999131075824947e-01
6.508824613616108756e-01
6.515002920896734162e-01
6.515002920896734162e-01
6.521034865939088210e-01
6.533165724517178141e-01
6.533165724517178141e-01
6.543606062890462427e-01
6.549297231011464993e-01
6.549297231011464993e-01
6.559363059521138295e-01
6.565029944496303393e-01
6.565029944496303393e-01
6.571464542224604299e-01
6.571464542224604299e-01
6.573820862359514017e-01
6.575314417423311353e-01
6.575314417423311353e-01
6.575314417423311353e-01
6.578198953497044199e-01
6.580550130001189268e-01
6.577007527592965141e-01
6.582012513338749704e-01
6.576808288365332267e-01
6.571627825803535439e-01
6.576454628851617912e-01
6.569449798251500994e-01
6.568716546555117830e-01
6.558310074007963619e-01
6.549936068649405696e-01
6.548546358752811436e-01
6.539366087061654342e-01
6.539366087061654342e-01
6.538733573690062029e-01
6.538733573690062029e-01
6.537757418348754124e-01
6.536430930162501207e-01
6.536430930162501207e-01
6.533593574581186836e-01
6.533593574581186836e-01
6.519863379570842721e-01
6.519863379570842721e-01
6.519863379570842721e-01
6.519863379570842721e-01
6.519863379570842721e-01
6.519863379570842721e-01
6.519989272245138023e-01
6.519989272245138023e-01
6.519989272245138023e-01
6.513633353577793494e-01
6.513633353577793494e-01
6.505461103138626688e-01
6.498437329086098613e-01
6.498437329086098613e-01
6.497355402226884236e-01
6.499108807462963266e-01
6.499108807462963266e-01
6.502540123162754426e-01
6.498115299541052936e-01
6.504225472464150171e-01
6.506833592458034499e-01
6.506833592458034499e-01
6.512454466018897659e-01
6.520631462181729621e-01
6.520631462181729621e-01
6.530138220010486272e-01
6.533637727294170361e-01
6.539777649628900624e-01
6.549686909647215449e-01
6.549686909647215449e-01
6.559697408025862986e-01
6.559697408025862986e-01
6.559697408025862986e-01
6.559697408025862986e-01
6.559697408025862986e-01
6.563500555519445889e-01
6.563500555519445889e-01
6.563429238986451253e-01
6.563429238986451253e-01
6.556826297992282004e-01
6.551862239319200532e-01
6.552961848067628825e-01
6.548858501391282561e-01
6.550740472920174584e-01
6.550740472920174584e-01
6.549158685931760759e-01
6.542120077470030548e-01
6.542120077470030548e-01
6.535681973893884278e-01
6.529128626753453180e-01
6.524380198461469105e-01
6.519651024446653231e-01
6.515709528717734678e-01
6.499640338368570802e-01
6.499640338368570802e-01
6.492530412054494660e-01
6.492530412054494660e-01
6.484569423588943948e-01
6.484569423588943948e-01
6.475733006772578237e-01
6.475733006772578237e-01
6.475733006772578237e-01
6.475733006772578237e-01
6.475733006772578237e-01
6.475733006772578237e-01
6.475733006772578237e-01
6.475733006772578237e-01
6.475733006772578237e-01
6.481315745895855907e-01
6.481315745895855907e-01
6.486126751089238418e-01
6.481502201353822601e-01
6.481502201353822601e-01
6.473383442787239428e-01
6.468148461164725527e-01
6.468148461164725527e-01
6.468312651131610247e-01
6.474182615742785085e-01
6.470938744430377865e-01
6.471142971725948323e-01
6.476731990781277037e-01
6.473515154882644174e-01
6.474879211798544310e-01
6.474879211798544310e-01
6.478258537107638437e-01
6.483042434773960139e-01
6.481880439915264080e-01
6.487085982179926491e-01
6.497781558966591042e-01
6.502656952300590598e-01
6.508112009549434918e-01
6.518550266132229210e-01
6.518550266132229210e-01
6.518550266132229210e-01
6.518550266132229210e-01
6.518550266132229210e-01
6.516489941999688007e-01
6.516489941999688007e-01
6.517683865179574321e-01
6.517095412013763633e-01
6.520547201619347755e-01
6.523938957596867594e-01
6.519634949216679409e-01
6.510654631737140541e-01
6.506742432640649776e-01
6.506742432640649776e-01
6.497195619611758621e-01
6.490434152274586754e-01
6.483306806846981241e-01
6.468330094643495176e-01
6.468330094643495176e-01
6.468330094643495176e-01
6.468330094643495176e-01
6.468330094643495176e-01
6.468330094643495176e-01
6.468330094643495176e-01
6.468330094643495176e-01
6.468330094643495176e-01
6.468330094643495176e-01
6.468330094643495176e-01
6.459250300691857793e-01
6.459250300691857793e-01
6.454092987793593750e-01
6.445890827899837250e-01
6.445890827899837250e-01
6.445890827899837250e-01
6.445619107085576172e-01
6.447543532983182057e-01
6.448392227088305395e-01
6.448392227088305395e-01
6.452616478451977944e-01
6.454264995154267437e-01
6.456937843405005095e-01
6.460150403664417507e-01
6.471258932150218968e-01
6.476758825667644492e-01
6.482217710534631250e-01
6.482217710534631250e-01
6.493150980624441404e-01
6.503893212952397418e-01
6.508879703906313985e-01
6.514091786547359098e-01
6.524184540633214402e-01
6.524184540633214402e-01
6.529118609265857076e-01
6.538717580727897438e-01
6.543846011765152015e-01
6.548500676625970129e-01
6.558413010519359432e-01
6.563566273902395887e-01
6.563566273902395887e-01
6.568782995373141365e-01
6.568782995373141365e-01
6.568782995373141365e-01
6.568782995373141365e-01
6.568782995373141365e-01
6.568782995373141365e-01
6.568309430175032215e-01
6.568087962206533570e-01
6.569381564160329257e-01
6.569381564160329257e-01
6.570972955696486872e-01
6.568512443367716669e-01
6.568512443367716669e-01
6.565027890173565916e-01
6.565027890173565916e-01
6.557496940606075686e-01
6.560483443400567660e-01
6.560483443400567660e-01
6.561659166161019074e-01
6.554774607018403199e-01
6.554774607018403199e-01
6.548500958976736230e-01
6.549277910472661723e-01
6.549277910472661723e-01
6.550880349359459176e-01
6.542751553340830917e-01
6.542751553340830917e-01
6.542873928360180003e-01
6.542873928360180003e-01
6.540412744587692506e-01
6.540412744587692506e-01
6.540412744587692506e-01
6.540412744587692506e-01
6.540412744587692506e-01
6.540412744587692506e-01
6.541617436275577457e-01
6.546703288095391260e-01
6.551750839433241325e-01
6.553556256398871405e-01
6.560337077857101296e-01
6.560337077857101296e-01
6.567929498915503483e-01
6.567724259415421706e-01
6.572712218453344857e-01
6.577670968789981476e-01
6.577670968789981476e-01
6.583269609465458583e-01
6.588576301585922224e-01
6.588576301585922224e-01
6.594852277001187479e-01
6.604005812532761643e-01
6.604005812532761643e-01
6.613098694696992741e-01
6.613098694696992741e-01
6.617690733400914960e-01
6.622099465037395438e-01
6.630964614838056326e-01
6.630964614838056326e-01
6.640119291604958951e-01
6.640119291604958951e-01
6.649477240705382597e-01
6.649477240705382597e-01
6.649477240705382597e-01
6.649477240705382597e-01
6.649962335887409370e-01
6.649962335887409370e-01
6.651043819038692240e-01
6.651043819038692240e-01
6.653917622430104428e-01
6.655545304283858599e-01
6.657983934505181667e-01
6.660266976422357654e-01
6.663842366349115309e-01
6.663842366349115309e-01
6.666268842361580127e-01
6.669724389583471247e-01
6.671990985617255454e-01
6.678660388911676904e-01
6.682195690726958626e-01
6.680648174234411485e-01
6.678765206404241317e-01
6.680017706160314983e-01
6.676081163551174091e-01
6.676081163551174091e-01
6.672832600600401287e-01
6.666546936633191978e-01
6.666546936633191978e-01
6.665305259362733770e-01
6.654872608689565983e-01
6.654872608689565983e-01
6.645025805847193379e-01
6.645025805847193379e-01
6.645025805847193379e-01
6.645025805847193379e-01
6.645025805847193379e-01
6.645025805847193379e-01
6.647280110724675950e-01
6.650177726872222861e-01
6.650177726872222861e-01
6.652529998437337611e-01
6.654115170703777116e-01
6.656634169083945896e-01
6.661136894773476147e-01
6.661136894773476147e-01
6.663789086350319080e-01
6.672730088396551240e-01
6.672730088396551240e-01
6.678343724542220583e-01
6.683937517760487612e-01
6.683937517760487612e-01
6.689833766840583840e-01
6.694090929606874019e-01
6.698371851253910325e-01
6.703824517645188275e-01
6.703824517645188275e-01
6.705452973123811056e-01
6.712068688774776026e-01
6.715813505418515295e-01
6.718155914337137213e-01
6.718155914337137213e-01
6.720756919232058202e-01
6.724611174757612053e-01
6.724611174757612053e-01
6.724611174757612053e-01
6.724611174757612053e-01
6.728477245114734551e-01
6.728477245114734551e-01
6.728477245114734551e-01
6.731820808500514897e-01
6.731794604118702674e-01
6.734830659440994571e-01
6.736410487651767198e-01
6.738580835716692086e-01
6.739998495076287011e-01
6.744729953764341257e-01
6.744729953764341257e-01
6.749812026198314108e-01
6.749547277668174194e-01
6.749547277668174194e-01
6.746302801801711269e-01
6.744428524321465224e-01
6.744428524321465224e-01
6.742993762861930751e-01
6.742993762861930751e-01
6.740570470418791871e-01
6.733689749529788715e-01
6.733689749529788715e-01
6.725753874674742505e-01
6.715066924918881019e-01
6.715066924918881019e-01
6.706984777432486444e-01
6.706984777432486444e-01
6.706984777432486444e-01
6.706984777432486444e-01
6.706984777432486444e-01
6.706984777432486444e-01
6.705282402490301275e-01
6.705282402490301275e-01
6.703646164274272845e-01
6.707543634816992562e-01
6.705092998362162104e-01
6.705283817412378555e-01
6.701294228386530660e-01
6.698883223336201675e-01
6.700107255240835835e-01
6.698381561310432497e-01
6.696442196942211655e-01
6.696442196942211655e-01
6.695013999187432452e-01
6.687133083423516533e-01
6.687133083423516533e-01
6.687032599386739662e-01
6.680924991193214479e-01
6.681408205418687407e-01
6.685811852176184455e-01
6.689405600626392445e-01
6.693110958301607960e-01
6.693110958301607960e-01
6.700784754382268504e-01
6.700784754382268504e-01
6.708337558226833419e-01
6.708337558226833419e-01
6.708337558226833419e-01
6.708337558226833419e-01
6.708337558226833419e-01
6.709983549923574930e-01
6.709983549923574930e-01
6.711098279769255326e-01
6.711098279769255326e-01
6.713140513482994676e-01
6.709126327806278489e-01
6.709126327806278489e-01
6.707143800327445282e-01
6.704290163395201230e-01
6.706213104192219054e-01
6.703370934583362528e-01
6.703370934583362528e-01
6.700298647073014147e-01
6.700298647073014147e-01
6.700298647073014147e-01
6.696495822640222695e-01
6.690634215666342310e-01
6.690634215666342310e-01
6.684355686109493266e-01
6.679520956993000302e-01
6.679520956993000302e-01
6.673159007844815527e-01
6.673159007844815527e-01
6.668405378792159333e-01
6.668405378792159333e-01
6.666124580632467600e-01
6.661123969723379279e-01
6.661123969723379279e-01
6.657682749716452575e-01
6.657682749716452575e-01
6.657929213626627707e-01
6.657673029245203544e-01
6.658518264245353313e-01
6.659680839918254991e-01
6.659373898580893680e-01
6.660802818103649381e-01
6.660802818103649381e-01
6.663506418393173591e-01
6.667408529885354707e-01
6.668240906316247329e-01
6.669095694938403929e-01
6.672977293757325068e-01
6.672977293757325068e-01
6.672977293757325068e-01
6.676850026119394155e-01
6.678926582294201220e-01
6.682678983070102774e-01
6.690207737609218386e-01
6.693905183970003669e-01
6.697436713362878713e-01
6.704736356638073547e-01
6.704736356638073547e-01
6.712045799254944267e-01
6.715773014312830247e-01
6.715773014312830247e-01
6.719542524513640869e-01
6.719542524513640869e-01
6.712704336330163057e-01
6.712704336330163057e-01
6.712704336330163057e-01
6.713910739670519989e-01
6.713536242661215514e-01
6.713164841547053507e-01
6.713142252447854563e-01
6.713611697682785318e-01
6.714237945463946700e-01
6.715164435839362511e-01
6.716235016879399389e-01
6.717966951513677509e-01
6.719444340962511530e-01
6.719444340962511530e-01
6.721938220372103423e-01
6.718056265086473910e-01
6.714421257668331533e-01
6.714421257668331533e-01
6.710795383503976863e-01
6.710795383503976863e-01
6.706382824146434052e-01
6.706052320675779388e-01
6.706052320675779388e-01
6.706701927721373524e-01
6.706701927721373524e-01
6.706716687923889308e-01
6.706038387214889873e-01
6.706038387214889873e-01
6.704208940468157074e-01
6.703355981169578648e-01
6.703355981169578648e-01
6.701331811344100053e-01
6.701331811344100053e-01
6.701331811344100053e-01
6.701331811344100053e-01
6.704175864546331187e-01
6.705665670060314554e-01
6.707774032277070697e-01
6.709379728966886614e-01
6.713085573877430878e-01
6.715079886334812675e-01
6.712135049570413514e-01
6.712414734138686390e-01
6.712414734138686390e-01
6.711154282476872179e-01
6.714769860896170339e-01
6.712058681547535821e-01
6.715622715215284755e-01
6.717116317915247103e-01
6.717116317915247103e-01
6.719342788395953336e-01
6.718553632122361563e-01
6.722095676654673557e-01
6.724902490029509572e-01
6.724188379074625965e-01
6.727745054296094818e-01
6.731293194898970711e-01
6.731724147967717009e-01
6.735235632714624554e-01
6.735235632714624554e-01
6.735235632714624554e-01
6.735235632714624554e-01
6.735235632714624554e-01
6.733535647291426507e-01
6.735993997634158736e-01
6.735034055345914261e-01
6.737595727891001474e-01
6.735523381240613450e-01
6.735523381240613450e-01
6.733843421515336436e-01
6.730593254619473553e-01
6.730593254619473553e-01
6.726636428878587370e-01
6.720296029673774596e-01
6.715904464407974617e-01
6.712861808332676317e-01
6.706785008507512025e-01
6.703333251647790592e-01
6.703333251647790592e-01
6.697081097395299887e-01
6.692279567972563292e-01
6.692279567972563292e-01
6.692279567972563292e-01
6.692279567972563292e-01
6.692279567972563292e-01
6.692279567972563292e-01
6.686755932827801452e-01
6.686755932827801452e-01
6.686755932827801452e-01
6.686755932827801452e-01
6.686755932827801452e-01
6.686755932827801452e-01
6.686755932827801452e-01
6.686755932827801452e-01
6.686755932827801452e-01
6.686755932827801452e-01
6.688986974853425860e-01
6.688986974853425860e-01
6.688161379742345591e-01
6.689802937378717118e-01
6.689802937378717118e-01
6.692196648021835337e-01
6.695107470540047068e-01
6.695107470540047068e-01
6.698505372746916819e-01
6.698194561786181556e-01
6.701605035110427266e-01
6.704584768508673465e-01
6.704584768508673465e-01
6.705199524958016521e-01
6.705414349746884328e-01
6.708819559981953340e-01
6.713688016733644348e-01
6.713688016733644348e-01
6.720228504560539218e-01
6.726750308797223576e-01
6.726750308797223576e-01
6.733274678753387033e-01
6.733274678753387033e-01
6.736593055476732816e-01
6.736593055476732816e-01
6.736593055476732816e-01
6.736593055476732816e-01
6.736593055476732816e-01
6.736593055476732816e-01
6.736217542488591725e-01
6.737010009923096732e-01
6.737404509492440630e-01
6.731216208310665250e-01
6.731216208310665250e-01
6.731216208310665250e-01
6.727403124048704219e-01
6.724020014450399207e-01
6.724020014450399207e-01
6.719342259841371012e-01
6.719342259841371012e-01
6.714899182339620909e-01
6.714899182339620909e-01
6.709310259556282574e-01
6.709310259556282574e-01
6.703732791190136764e-01
6.703732791190136764e-01
6.703732791190136764e-01
6.698166742388116379e-01
6.698166742388116379e-01
6.693984922557310036e-01
6.689140508365997162e-01
6.689140508365997162e-01
6.689140508365997162e-01
6.689140508365997162e-01
6.689140508365997162e-01
6.689140508365997162e-01
6.689140508365997162e-01
6.689504620709568750e-01
6.691585137366391489e-01
6.692739967239825782e-01
6.692739967239825782e-01
6.694133664864438948e-01
6.694133664864438948e-01
6.696629767079654849e-01
6.698811909628611394e-01
6.700729276828711889e-01
6.705101040432709381e-01
6.708374626469789659e-01
6.711627034766532995e-01
6.714915329380556352e-01
6.721422607015973272e-01
6.724690447426203699e-01
6.727947842399625289e-01
6.731202696145427433e-01
6.737608644281688486e-01
6.740774985250778117e-01
6.743887725806424482e-01
6.746863113504196763e-01
6.752967133029313951e-01
6.755998519006637393e-01
6.759148938570641585e-01
6.762293313078137080e-01
6.765477210730600488e-01
6.765477210730600488e-01
6.768551381122450694e-01
6.768551381122450694e-01
6.768551381122450694e-01
6.768733909054029940e-01
6.769181423597814273e-01
6.770234956333323062e-01
6.770810640213499321e-01
6.772189884788772929e-01
6.773354158099029743e-01
6.773354158099029743e-01
6.774517885738745582e-01
6.774517885738745582e-01
6.768495375918314183e-01
6.768495375918314183e-01
6.762868161991358873e-01
6.763331641687641005e-01
6.763331641687641005e-01
6.762370101303362135e-01
6.760757154392136314e-01
6.760757154392136314e-01
6.760757154392136314e-01
6.757694801396005868e-01
6.756091661272689564e-01
6.756091661272689564e-01
6.751612526401795655e-01
6.746485144376785925e-01
6.741142888765547792e-01
6.741142888765547792e-01
6.741142888765547792e-01
6.741142888765547792e-01
6.741142888765547792e-01
6.741142888765547792e-01
6.741142888765547792e-01
6.742217701672207353e-01
6.744006089292583495e-01
6.744006089292583495e-01
6.747675939810524604e-01
6.749475184737186995e-01
6.749475184737186995e-01
6.751824326894059203e-01
6.753957028327057799e-01
6.758605357313182127e-01
6.758605357313182127e-01
6.763800491407147009e-01
6.766845116560227247e-01
6.769918646421023700e-01
6.772991974590085729e-01
6.776058685187380526e-01
6.782146028286085704e-01
6.782146028286085704e-01
6.788196717259407098e-01
6.791154372534847772e-01
6.794171656777973078e-01
6.797171462502679118e-01
6.800192352708022137e-01
6.806026813395230635e-01
6.806026813395230635e-01
6.809025048445863648e-01
6.803752254692918555e-01
6.806746969915963286e-01
6.806746969915963286e-01
6.806746969915963286e-01
6.806746969915963286e-01
6.804617294339468936e-01
6.805689822784554144e-01
6.804233089001852086e-01
6.802115011664521260e-01
6.802115011664521260e-01
6.797474621823058616e-01
6.792839939246926306e-01
6.792839939246926306e-01
6.792731301047352233e-01
6.792731301047352233e-01
6.790811354333508021e-01
6.790811354333508021e-01
6.782078611613100438e-01
6.782078611613100438e-01
6.779834084426809016e-01
6.779834084426809016e-01
6.771311261055102948e-01
6.771311261055102948e-01
6.767992712096022601e-01
6.767992712096022601e-01
6.767992712096022601e-01
6.767992712096022601e-01
6.767992712096022601e-01
6.762631937532999071e-01
6.762631937532999071e-01
6.762631937532999071e-01
6.762631937532999071e-01
6.762631937532999071e-01
6.762631937532999071e-01
6.762631937532999071e-01
6.762631937532999071e-01
6.764591003157538474e-01
6.765746108755553712e-01
6.765746108755553712e-01
6.767972941641063889e-01
6.769920134106870435e-01
6.769920134106870435e-01
6.770446534208447442e-01
6.773472337237698149e-01
6.776367275298340598e-01
6.777464988548753677e-01
6.782156355662317671e-01
6.782156355662317671e-01
6.785090604789344448e-01
6.790913110008761633e-01
6.793833677366751811e-01
6.796736540530637916e-01
6.802399550773077230e-01
6.805247845559744269e-01
6.808051275479676256e-01
6.808051275479676256e-01
6.810825900108044006e-01
6.810825900108044006e-01
6.808307876370824907e-01
6.803448818823906175e-01
6.806297016890076046e-01
6.804621654638031147e-01
6.804621654638031147e-01
6.804621654638031147e-01
6.804212703914064297e-01
6.804212703914064297e-01
6.804553630443352930e-01
6.805459927313887158e-01
6.805928682358279858e-01
6.802851412155707100e-01
6.802851412155707100e-01
6.799843128641072099e-01
6.799843128641072099e-01
6.796667440769411650e-01
6.796667440769411650e-01
6.798238635067229696e-01
6.792598128042387495e-01
6.792598128042387495e-01
6.789378420808017678e-01
6.789378420808017678e-01
6.789378420808017678e-01
6.789378420808017678e-01
6.784821245629110154e-01
6.784821245629110154e-01
6.784821245629110154e-01
6.784821245629110154e-01
6.784821245629110154e-01
6.779655867856082541e-01
6.774707752665967142e-01
6.774707752665967142e-01
6.774707752665967142e-01
6.774707752665967142e-01
6.774707752665967142e-01
6.774707752665967142e-01
6.774707752665967142e-01
6.775841874285832844e-01
6.775841874285832844e-01
6.776240724362965206e-01
6.776367701046385195e-01
6.776367701046385195e-01
6.777822907696245958e-01
6.777937206443733764e-01
6.779727389498997336e-01
6.780432119287734816e-01
6.780432119287734816e-01
6.780817704802267754e-01
6.781751628917567221e-01
6.783894086556986336e-01
6.787208851256132380e-01
6.788449399850638999e-01
6.791256181141902548e-01
6.794034438516531882e-01
6.796834069750465890e-01
6.802293243062209616e-01
6.802293243062209616e-01
6.807765405341651421e-01
6.810525631053820916e-01
6.813060555951031549e-01
6.815824313576960281e-01
6.818585713589089270e-01
6.818585713589089270e-01
6.821342328438920743e-01
6.824040658260048797e-01
6.826771416216088628e-01
6.826771416216088628e-01
6.821697892271105790e-01
6.818215041717986535e-01
6.818215041717986535e-01
6.818215041717986535e-01
6.818612837823514461e-01
6.816448692857814962e-01
6.816448692857814962e-01
6.813109657090150595e-01
6.813109657090150595e-01
6.813109657090150595e-01
6.813109657090150595e-01
6.808274491485206692e-01
6.808274491485206692e-01
6.808274491485206692e-01
6.803447705743367324e-01
6.803447705743367324e-01
6.803447705743367324e-01
6.803447705743367324e-01
6.803447705743367324e-01
6.803447705743367324e-01
6.803447705743367324e-01
6.803447705743367324e-01
6.803447705743367324e-01
6.803447705743367324e-01
6.803447705743367324e-01
6.803447705743367324e-01
6.803447705743367324e-01
6.803447705743367324e-01
6.803447705743367324e-01
6.804702819899643984e-01
6.804702819899643984e-01
6.804702819899643984e-01
6.807114263622523476e-01
6.807114263622523476e-01
6.809444824294446086e-01
6.809444824294446086e-01
6.812762440828422639e-01
6.813444096554989171e-01
6.816077532371800363e-01
6.816961987587002447e-01
6.820722802427373610e-01
6.823420686723541406e-01
6.824587739663472430e-01
6.827278728919132789e-01
6.829946869214372773e-01
6.831661332809078058e-01
6.834311090661163712e-01
6.834311090661163712e-01
6.834315842323350765e-01
6.837637132840593823e-01
6.837637132840593823e-01
6.841144617314521836e-01
6.844722879119108372e-01
6.844722879119108372e-01
6.848380199702943649e-01
6.848380199702943649e-01
6.852063631173936908e-01
6.852063631173936908e-01
6.852063631173936908e-01
6.850931388516536824e-01
6.850931388516536824e-01
6.851370039782359589e-01
6.849821149724367730e-01
6.848418518176517811e-01
6.847823187501300701e-01
6.847823187501300701e-01
6.845841159615771998e-01
6.841126467794490518e-01
6.841126467794490518e-01
6.841126467794490518e-01
6.836796213120263088e-01
6.831905197969984078e-01
6.828312198988600867e-01
6.823628049655763306e-01
6.818760326336147370e-01
6.818760326336147370e-01
6.814280762658354584e-01
6.810178600752425648e-01
6.810178600752425648e-01
6.810178600752425648e-01
6.806443135614019813e-01
6.806443135614019813e-01
6.801605995626989198e-01
6.801605995626989198e-01
6.801605995626989198e-01
6.801605995626989198e-01
6.801605995626989198e-01
6.801605995626989198e-01
6.801605995626989198e-01
6.801605995626989198e-01
6.806301730998233213e-01
6.805606660101388705e-01
6.807410783750932337e-01
6.807410783750932337e-01
6.806994197633187138e-01
6.809469151633925632e-01
6.808564699732451153e-01
6.811081677599047923e-01
6.813514772865582048e-01
6.813514772865582048e-01
6.816211767643124420e-01
6.818814851253913734e-01
6.818692676385790241e-01
6.821717142081175078e-01
6.821717142081175078e-01
6.822356087494940713e-01
6.823099090263776700e-01
6.823099090263776700e-01
6.826948910811252436e-01
6.826948910811252436e-01
6.829493871055337673e-01
6.834622359358518695e-01
6.837141515388091006e-01
6.839690216339221474e-01
6.842245327347622474e-01
6.844796311526044619e-01
6.847339120491756637e-01
6.847339120491756637e-01
6.849856766076208858e-01
6.849856766076208858e-01
6.850211037851066109e-01
6.850211037851066109e-01
6.850394199323738276e-01
6.850980063377780649e-01
6.851930026002358565e-01
6.851900139511521992e-01
6.845264628184841715e-01
6.845264628184841715e-01
6.841602327100952952e-01
6.841602327100952952e-01
6.837424298594769745e-01
6.837424298594769745e-01
6.832893726900146625e-01
6.832893726900146625e-01
6.832893726900146625e-01
6.832893726900146625e-01
6.832893726900146625e-01
6.832893726900146625e-01
6.828370458883495919e-01
6.828370458883495919e-01
6.828370458883495919e-01
6.828370458883495919e-01
6.823671560328121721e-01
6.823671560328121721e-01
6.823671560328121721e-01
6.823671560328121721e-01
6.823671560328121721e-01
6.823671560328121721e-01
6.823671560328121721e-01
6.823671560328121721e-01
6.823671560328121721e-01
6.827089464080043912e-01
6.828615438331092635e-01
6.830454432692874001e-01
6.830454432692874001e-01
6.832293168405383366e-01
6.834608589915223131e-01
6.837052513595891501e-01
6.839135903824639096e-01
6.844025011956914595e-01
6.844025011956914595e-01
6.848993014760029752e-01
6.853945427004558555e-01
6.853945427004558555e-01
6.856402175298749180e-01
6.851738696797055050e-01
6.854213903506662930e-01
6.856689182293373985e-01
6.859160570125693024e-01
6.861609372118412375e-01
6.864069102507689424e-01
6.868814372477927144e-01
6.871264543586710349e-01
6.873571745027849955e-01
6.878453631302114957e-01
6.880853730383283962e-01
6.880853730383283962e-01
6.880853730383283962e-01
6.880853730383283962e-01
6.880853730383283962e-01
6.878797640557916537e-01
6.878797640557916537e-01
6.877418195806553891e-01
6.874520669818076080e-01
6.874520669818076080e-01
6.870046235375972810e-01
6.870046235375972810e-01
6.870046235375972810e-01
6.865622920646672345e-01
6.861206525726467609e-01
6.861206525726467609e-01
6.861206525726467609e-01
6.861206525726467609e-01
6.861206525726467609e-01
6.861206525726467609e-01
6.861206525726467609e-01
6.861206525726467609e-01
6.861206525726467609e-01
6.861206525726467609e-01
6.861206525726467609e-01
6.861206525726467609e-01
6.861206525726467609e-01
6.861206525726467609e-01
6.861206525726467609e-01
6.861206525726467609e-01
6.861206525726467609e-01
6.861206525726467609e-01
6.861206525726467609e-01
6.861206525726467609e-01
6.861206525726467609e-01
6.861206525726467609e-01
6.862383396292108806e-01
6.864202189337801352e-01
6.865665577660641228e-01
6.867257516310318888e-01
6.870808756252739791e-01
6.872139195490279961e-01
6.874496824767932779e-01
6.874496824767932779e-01
6.878552961644467389e-01
6.878552961644467389e-01
6.882937633581420744e-01
6.886492950907342481e-01
6.886492950907342481e-01
6.890306215440175075e-01
6.892676765342451439e-01
6.895025637176941391e-01
6.897398193342292316e-01
6.899741564921940684e-01
6.902108167514386938e-01
6.904466395244046595e-01
6.906772930540606703e-01
6.911395272948787083e-01
6.913744011001247136e-01
6.916002123480464725e-01
6.918315133397555661e-01
6.920648425345891086e-01
6.920648425345891086e-01
6.920648425345891086e-01
6.920750356330500619e-01
6.917221432300405537e-01
6.917221432300405537e-01
6.917221432300405537e-01
6.917425051164225458e-01
6.915933152022678554e-01
6.915933152022678554e-01
6.914180900172856026e-01
6.912160009585381903e-01
6.912160009585381903e-01
6.909425012546500655e-01
6.906544480609566605e-01
6.906544480609566605e-01
6.903668613880640237e-01
6.903668613880640237e-01
6.903668613880640237e-01
6.903668613880640237e-01
6.903668613880640237e-01
6.903668613880640237e-01
6.903668613880640237e-01
6.903668613880640237e-01
6.903668613880640237e-01
6.903668613880640237e-01
6.903668613880640237e-01
6.903668613880640237e-01
6.903668613880640237e-01
6.903668613880640237e-01
6.903668613880640237e-01
6.903668613880640237e-01
6.903668613880640237e-01
6.903668613880640237e-01
6.906122429879355540e-01
6.906122429879355540e-01
6.908715518232766417e-01
6.908715518232766417e-01
6.910608666616201434e-01
6.910608666616201434e-01
6.914141857281216330e-01
6.914141857281216330e-01
6.917508291820603228e-01
6.920918252940404525e-01
6.920918252940404525e-01
6.922204045192209554e-01
6.926044539161410052e-01
6.926044539161410052e-01
6.928217432078466187e-01
6.930675507749487485e-01
6.930675507749487485e-01
6.933103188247237147e-01
6.935366811363943285e-01
6.936153599110255197e-01
6.939285316702986650e-01
6.941545846618231153e-01
6.942482160120636570e-01
6.943701397624050253e-01
6.945938204620893952e-01
6.950259992781325780e-01
6.950259992781325780e-01
6.950259992781325780e-01
6.950259992781325780e-01
6.950259992781325780e-01
6.950259992781325780e-01
6.950259992781325780e-01
6.950259992781325780e-01
6.949825468908757964e-01
6.949825468908757964e-01
6.949825468908757964e-01
6.949825468908757964e-01
6.949825468908757964e-01
6.949825468908757964e-01
6.949825468908757964e-01
6.949825468908757964e-01
6.949825468908757964e-01
6.949825468908757964e-01
6.949825468908757964e-01
6.949825468908757964e-01
6.949825468908757964e-01
6.945569632589458919e-01
6.945569632589458919e-01
6.945569632589458919e-01
6.945569632589458919e-01
6.945569632589458919e-01
6.945569632589458919e-01
6.945569632589458919e-01
6.945569632589458919e-01
6.945569632589458919e-01
6.945569632589458919e-01
6.945569632589458919e-01
6.945569632589458919e-01
6.945569632589458919e-01
6.945569632589458919e-01
6.946977910759091213e-01
6.946977910759091213e-01
6.946396889598849267e-01
6.946396889598849267e-01
6.946396889598849267e-01
6.948244908205155612e-01
6.950060281163464859e-01
6.950060281163464859e-01
6.952488167450232570e-01
6.954616757040485986e-01
6.955310231489145734e-01
6.957516623906268016e-01
6.958514359573093611e-01
6.961502253977495114e-01
6.961502253977495114e-01
6.964821725924350559e-01
6.967025150085066620e-01
6.967025150085066620e-01
6.969198965476784968e-01
6.970746892329898747e-01
6.972940767998130340e-01
6.975065385866553447e-01
6.979389567193738930e-01
6.981568353493029511e-01
6.977523226773582055e-01
6.979640014393876379e-01
6.979640014393876379e-01
6.981696161800553524e-01
6.981696161800553524e-01
6.981696161800553524e-01
6.980366627503478139e-01
6.980366627503478139e-01
6.976806444554806141e-01
6.976806444554806141e-01
6.976806444554806141e-01
6.976806444554806141e-01
6.976806444554806141e-01
6.976806444554806141e-01
6.976806444554806141e-01
6.976806444554806141e-01
6.976806444554806141e-01
6.976806444554806141e-01
6.976806444554806141e-01
6.976806444554806141e-01
6.976806444554806141e-01
6.976806444554806141e-01
6.972782999047067998e-01
6.972782999047067998e-01
6.972782999047067998e-01
6.972782999047067998e-01
6.972782999047067998e-01
6.972782999047067998e-01
6.972782999047067998e-01
6.972782999047067998e-01
6.972782999047067998e-01
6.972782999047067998e-01
6.972782999047067998e-01
6.972782999047067998e-01
6.972782999047067998e-01
6.972782999047067998e-01
6.972782999047067998e-01
6.974456106267901134e-01
6.974753392276412667e-01
6.977015363460520314e-01
6.978807441840554349e-01
6.979433124672419497e-01
6.979614810882217579e-01
6.981577364441629019e-01
6.984296377530708755e-01
6.984296377530708755e-01
6.987219061730534087e-01
6.990165828291525774e-01
6.990165828291525774e-01
6.993276543982827054e-01
6.995411165039092660e-01
6.996817925529275062e-01
6.998943324176142289e-01
7.003189323950390621e-01
7.005275706906800570e-01
7.007390123509369406e-01
7.009495261866651727e-01
7.009495261866651727e-01
7.013708148060460168e-01
7.015787957424942656e-01
7.017812623008576889e-01
7.021688177589161528e-01
7.021688177589161528e-01
7.021688177589161528e-01
7.021688177589161528e-01
7.021688177589161528e-01
7.021575623713326442e-01
7.021575623713326442e-01
7.021575623713326442e-01
7.021575623713326442e-01
7.021735926176545517e-01
7.021735926176545517e-01
7.021896877843092355e-01
7.021084012881878555e-01
7.021084012881878555e-01
7.018439974885865018e-01
7.018439974885865018e-01
7.018439974885865018e-01
7.014486512182034339e-01
7.014486512182034339e-01
7.011141842154929860e-01
7.011141842154929860e-01
7.011141842154929860e-01
7.011141842154929860e-01
7.011141842154929860e-01
7.011141842154929860e-01
7.011141842154929860e-01
7.011141842154929860e-01
7.007199178426214425e-01
7.007199178426214425e-01
7.007199178426214425e-01
7.007199178426214425e-01
7.007199178426214425e-01
7.007199178426214425e-01
7.007199178426214425e-01
7.007199178426214425e-01
7.007199178426214425e-01
7.007203784638047495e-01
7.007203784638047495e-01
7.007203784638047495e-01
7.008979003090949345e-01
7.008979003090949345e-01
7.011060031680219629e-01
7.013291553574012571e-01
7.013291553574012571e-01
7.015426875452590583e-01
7.017449603030326832e-01
7.018282884692323975e-01
7.019049736992728494e-01
7.019049736992728494e-01
7.022171300868564892e-01
7.025135394763352137e-01
7.025135394763352137e-01
7.028570633235211584e-01
7.032672512633736384e-01
7.032672512633736384e-01
7.036717943255145213e-01
7.038674616132621908e-01
7.040702857804290726e-01
7.044733742499582618e-01
7.044733742499582618e-01
7.048768080900980060e-01
7.050763646211168911e-01
7.050763646211168911e-01
7.050763646211168911e-01
7.050763646211168911e-01
7.044769905388431619e-01
7.044769905388431619e-01
7.044769905388431619e-01
7.044769905388431619e-01
7.044769905388431619e-01
7.041031700653707093e-01
7.041031700653707093e-01
7.041031700653707093e-01
7.036844604956509208e-01
7.036844604956509208e-01
7.036844604956509208e-01
7.036844604956509208e-01
7.036844604956509208e-01
7.036844604956509208e-01
7.036844604956509208e-01
7.036844604956509208e-01
7.036844604956509208e-01
7.036844604956509208e-01
7.036844604956509208e-01
7.036844604956509208e-01
7.036844604956509208e-01
7.036844604956509208e-01
7.036844604956509208e-01
7.036844604956509208e-01
7.036844604956509208e-01
7.036844604956509208e-01
7.036844604956509208e-01
7.036844604956509208e-01
7.036844604956509208e-01
7.036844604956509208e-01
7.038152304216268584e-01
7.040570518116454624e-01
7.040570518116454624e-01
7.041597260319389928e-01
7.044455303332970431e-01
7.044455303332970431e-01
7.045913299852953893e-01
7.049528569660008515e-01
7.049528569660008515e-01
7.051460897788103255e-01
7.047142618306018180e-01
7.051060019552355396e-01
7.053056261392278703e-01
7.053056261392278703e-01
7.054995632603946465e-01
7.054995632603946465e-01
7.058941970989401904e-01
7.060929117323745396e-01
7.060929117323745396e-01
7.062898263050446657e-01
7.064864784740477743e-01
7.066813872649212458e-01
7.068728506100185882e-01
7.072534201286744260e-01
7.074441571716408861e-01
7.074441571716408861e-01
7.078369309337846360e-01
7.080330158678189711e-01
7.080330158678189711e-01
7.080330158678189711e-01
7.080330158678189711e-01
7.078490251728097871e-01
7.078490251728097871e-01
7.076533306034649140e-01
7.076533306034649140e-01
7.076533306034649140e-01
7.076533306034649140e-01
7.076533306034649140e-01
7.069960179463045113e-01
7.069960179463045113e-01
7.068013737873088953e-01
7.068013737873088953e-01
7.063902392393097696e-01
7.063902392393097696e-01
7.063902392393097696e-01
7.063902392393097696e-01
7.063902392393097696e-01
7.063902392393097696e-01
7.063902392393097696e-01
7.063902392393097696e-01
7.063902392393097696e-01
7.059945929391369113e-01
7.059945929391369113e-01
7.055994791227462315e-01
7.052048967237097843e-01
7.052048967237097843e-01
7.052048967237097843e-01
7.052048967237097843e-01
7.052048967237097843e-01
7.052927769211451148e-01
7.052927769211451148e-01
7.055054127047337698e-01
7.056284801907803939e-01
7.057516273352945069e-01
7.058848056573370222e-01
7.060131355337248005e-01
7.061679171517605269e-01
7.061679171517605269e-01
7.064604257682571831e-01
7.065982358581675005e-01
7.067865219223918860e-01
7.071711063450938362e-01
7.071711063450938362e-01
7.075559976277262519e-01
7.077489200661652990e-01
7.079341643458586519e-01
7.083130168987431530e-01
7.085026947733494840e-01
7.086936085825734644e-01
7.086936085825734644e-01
7.090681557505665866e-01
7.092590784812963234e-01
7.094465216916185923e-01
7.096325363778900330e-01
7.096325363778900330e-01
7.096325363778900330e-01
7.092276982426422016e-01
7.092276982426422016e-01
7.092276982426422016e-01
7.092177438585879345e-01
7.092177438585879345e-01
7.091904852139628845e-01
7.089799503055965735e-01
7.089799503055965735e-01
7.085649280876049616e-01
7.082336211441694340e-01
7.078607733262285429e-01
7.078607733262285429e-01
7.078607733262285429e-01
7.078607733262285429e-01
7.078607733262285429e-01
7.078607733262285429e-01
7.078607733262285429e-01
7.074740692858489943e-01
7.074740692858489943e-01
7.074740692858489943e-01
7.070878724467695164e-01
7.067854564142282969e-01
7.067854564142282969e-01
7.064564270987264694e-01
7.064564270987264694e-01
7.061001092154668424e-01
7.061001092154668424e-01
7.061001092154668424e-01
7.061001092154668424e-01
7.061001092154668424e-01
7.061001092154668424e-01
7.061001092154668424e-01
7.061001092154668424e-01
7.061001092154668424e-01
7.062148456693344567e-01
7.062148456693344567e-01
7.062156896048504828e-01
7.063403956768427028e-01
7.065019703181840693e-01
7.065558339638390306e-01
7.066938728615799192e-01
7.067543975170688109e-01
7.069395027298068790e-01
7.070065847967582640e-01
7.072257573868893088e-01
7.072257573868893088e-01
7.074036375739339855e-01
7.075848606352240777e-01
7.076575581390572856e-01
7.079038310707389536e-01
7.079038310707389536e-01
7.081422703662977325e-01
7.081888725434849485e-01
7.083758694191159000e-01
7.086294555797156836e-01
7.086294555797156836e-01
7.089014613769124562e-01
7.092719591361535958e-01
7.092719591361535958e-01
7.096386878150270361e-01
7.096386878150270361e-01
7.096386878150270361e-01
7.096386878150270361e-01
7.096195777979872332e-01
7.096195777979872332e-01
7.095653258379539530e-01
7.095709926323896521e-01
7.095169723593037769e-01
7.094721416515018531e-01
7.095083109214338490e-01
7.093095824576519659e-01
7.092374999748021214e-01
7.089792119304034745e-01
7.085723354589636980e-01
7.085723354589636980e-01
7.078755751171746935e-01
7.078755751171746935e-01
7.072337277705303960e-01
7.072337277705303960e-01
7.068868781641682864e-01
7.068868781641682864e-01
7.065128928238750827e-01
7.065128928238750827e-01
7.065128928238750827e-01
7.061253393388723376e-01
7.061253393388723376e-01
7.057798587538045565e-01
7.057798587538045565e-01
7.057798587538045565e-01
7.057798587538045565e-01
7.057798587538045565e-01
7.057798587538045565e-01
7.057798587538045565e-01
7.058971698123014393e-01
7.059223475529553538e-01
7.059223475529553538e-01
7.060601846980835150e-01
7.060601846980835150e-01
7.061835119520990522e-01
7.061640036283671762e-01
7.061640036283671762e-01
7.063476375941954988e-01
7.065221738925663297e-01
7.065649797207901317e-01
7.067423359244031644e-01
7.069194792610040690e-01
7.069194792610040690e-01
7.071015113029686106e-01
7.071766424053376188e-01
7.072127528025725640e-01
7.068425807961329355e-01
7.068997218243278091e-01
7.069760143519303597e-01
7.069760143519303597e-01
7.067219450516661894e-01
7.070837391091168156e-01
7.070837391091168156e-01
7.074422468999246316e-01
7.076212588441824769e-01
7.078000536242574636e-01
7.079805431363528356e-01
7.079805431363528356e-01
7.079805431363528356e-01
7.079360119491804326e-01
7.079360119491804326e-01
7.079360119491804326e-01
7.079360119491804326e-01
7.075411842138505936e-01
7.075462990068464020e-01
7.075462990068464020e-01
7.072410783587473881e-01
7.070594143794720621e-01
7.070594143794720621e-01
7.068207494441990368e-01
7.068207494441990368e-01
7.068207494441990368e-01
7.068207494441990368e-01
7.068207494441990368e-01
7.068207494441990368e-01
7.068207494441990368e-01
7.068207494441990368e-01
7.068207494441990368e-01
7.064553422617717571e-01
7.064553422617717571e-01
7.061559794830417625e-01
7.058696042076755273e-01
7.058696042076755273e-01
7.058696042076755273e-01
7.058696042076755273e-01
7.058696042076755273e-01
7.058696042076755273e-01
7.058696042076755273e-01
7.058696042076755273e-01
7.058696042076755273e-01
7.058997792388231884e-01
7.060430597552418419e-01
7.061659064702905386e-01
7.061659064702905386e-01
7.063583677409754902e-01
7.065044517773150234e-01
7.065874836777237267e-01
7.065874836777237267e-01
7.068501321507330015e-01
7.068501321507330015e-01
7.071357570879946985e-01
7.071357570879946985e-01
7.074424786069983817e-01
7.077908285068673644e-01
7.077908285068673644e-01
7.081430798614917199e-01
7.083204259980375728e-01
7.084963483300461551e-01
7.088496786947167116e-01
7.090254777539392039e-01
7.091988294054674125e-01
7.093742082762296564e-01
7.097234500336936369e-01
7.098960415328477991e-01
7.100699972287437545e-01
7.102352603554984434e-01
7.102352603554984434e-01
7.102352603554984434e-01
7.102352603554984434e-01
7.102352603554984434e-01
7.100439629741240877e-01
7.100311873871579804e-01
7.097836315165146903e-01
7.095004403676381521e-01
7.095004403676381521e-01
7.091280489365678896e-01
7.088577449483565163e-01
7.085756529147321237e-01
7.085756529147321237e-01
7.082045011376248977e-01
7.082045011376248977e-01
7.082045011376248977e-01
7.082045011376248977e-01
7.082045011376248977e-01
7.082045011376248977e-01
7.082045011376248977e-01
7.082045011376248977e-01
7.082045011376248977e-01
7.078470513638497330e-01
7.078470513638497330e-01
7.078470513638497330e-01
7.078470513638497330e-01
7.078470513638497330e-01
7.078470513638497330e-01
7.078470513638497330e-01
7.078470513638497330e-01
7.078470513638497330e-01
7.078470513638497330e-01
7.078470513638497330e-01
7.079104603390220518e-01
7.080496345358783250e-01
7.081777712815477965e-01
7.082643365816768677e-01
7.082643365816768677e-01
7.083663456862994146e-01
7.083663456862994146e-01
7.085228158198592086e-01
7.086469857548788331e-01
7.088144801865771116e-01
7.089423631460353148e-01
7.092260231887934641e-01
7.088833031568623211e-01
7.090504621446942490e-01
7.090504621446942490e-01
7.092236476068221052e-01
7.095629511768437592e-01
7.097348466298727399e-01
7.099059602585169326e-01
7.102480983474603882e-01
7.104199550409899810e-01
7.105834488313351738e-01
7.107511014113586656e-01
7.110848798544477933e-01
7.110848798544477933e-01
7.114107914939366006e-01
7.114107914939366006e-01
7.115746614399874881e-01
7.115746614399874881e-01
7.115746614399874881e-01
7.114761741632185110e-01
7.114761741632185110e-01
7.114221083710056126e-01
7.114006826492107471e-01
7.114006826492107471e-01
7.114300922514943393e-01
7.110775847642950565e-01
7.111004597341802347e-01
7.111004597341802347e-01
7.106798833096200640e-01
7.105543502751227036e-01
7.102657861209964452e-01
7.102657861209964452e-01
7.100359200885072442e-01
7.097480231000237172e-01
7.097480231000237172e-01
7.094724493783561847e-01
7.094724493783561847e-01
7.094724493783561847e-01
7.094724493783561847e-01
7.094724493783561847e-01
7.091230148120990506e-01
7.091230148120990506e-01
7.091230148120990506e-01
7.091230148120990506e-01
7.091230148120990506e-01
7.091230148120990506e-01
7.091230148120990506e-01
7.091230148120990506e-01
7.091230148120990506e-01
7.091230148120990506e-01
7.092511655672063542e-01
7.092511655672063542e-01
7.094833996238185669e-01
7.094833996238185669e-01
7.097166873317861668e-01
7.099644931031424688e-01
7.099644931031424688e-01
7.102303602998387699e-01
7.102303602998387699e-01
7.103926088987350118e-01
7.106913635568739007e-01
7.106913635568739007e-01
7.109976169623765108e-01
7.111602691619858252e-01
7.113265735467336759e-01
7.114888568544558423e-01
7.118216496828709827e-01
7.118216496828709827e-01
7.121537827143048505e-01
7.121537827143048505e-01
7.124851372467863042e-01
7.126499187678305702e-01
7.128155468764132419e-01
7.131341847648967613e-01
7.131341847648967613e-01
7.131341847648967613e-01
7.134489353342410300e-01
7.134489353342410300e-01
7.134489353342410300e-01
7.134489353342410300e-01
7.133230392732460290e-01
7.133230392732460290e-01
7.133230392732460290e-01
7.130924557429367816e-01
7.127351903529793864e-01
7.127351903529793864e-01
7.125089327001498107e-01
7.125089327001498107e-01
7.125089327001498107e-01
7.122718671478859287e-01
7.122718671478859287e-01
7.122718671478859287e-01
7.119408639258948401e-01
7.119408639258948401e-01
7.117371816562950704e-01
7.115120801773230363e-01
7.115120801773230363e-01
7.115120801773230363e-01
7.111696442444735977e-01
7.111696442444735977e-01
7.108644911464739868e-01
7.105228236283724907e-01
7.105228236283724907e-01
7.102183992701097681e-01
7.098774975576602753e-01
7.098774975576602753e-01
7.098774975576602753e-01
7.098774975576602753e-01
7.098774975576602753e-01
7.098774975576602753e-01
7.099254567297037521e-01
7.100600269169052847e-01
7.101256803626930791e-01
7.102660309605495215e-01
7.103622405435127130e-01
7.103622405435127130e-01
7.106235171102595061e-01
7.106235171102595061e-01
7.107703790205146532e-01
7.110435646892349082e-01
7.110435646892349082e-01
7.111564943435311204e-01
7.114454731444322944e-01
7.114454731444322944e-01
7.117686889597021338e-01
7.119303827612991631e-01
7.120903190350559298e-01
7.122529774713378670e-01
7.125737842369788133e-01
7.127338660608129040e-01
7.128940272376307341e-01
7.130507123112611589e-01
7.132121795943031639e-01
7.135318950871261112e-01
7.136921663011882577e-01
7.138526607722439632e-01
7.140120208115994238e-01
7.140120208115994238e-01
7.140120208115994238e-01
7.140120208115994238e-01
7.140120208115994238e-01
7.138600783995568966e-01
7.138600783995568966e-01
7.139324890934781731e-01
7.135926881204200933e-01
7.135926881204200933e-01
7.134524547546671203e-01
7.134524547546671203e-01
7.131165239614254414e-01
7.129374738487292973e-01
7.129374738487292973e-01
7.128435994646188378e-01
7.126547717969037299e-01
7.126547717969037299e-01
7.124962788069802988e-01
7.124962788069802988e-01
7.122436634278518364e-01
7.116234629744464524e-01
7.116234629744464524e-01
7.113141890954330915e-01
7.113141890954330915e-01
7.113141890954330915e-01
7.113141890954330915e-01
7.113141890954330915e-01
7.113141890954330915e-01
7.113141890954330915e-01
7.113141890954330915e-01
7.110402549104267722e-01
7.110402549104267722e-01
7.110402549104267722e-01
7.111461637551330650e-01
7.111461637551330650e-01
7.113841728704803913e-01
7.114940663105898677e-01
7.114940663105898677e-01
7.117515614990630457e-01
7.120177359814020557e-01
7.120177359814020557e-01
7.123116583613668951e-01
7.124645442634881531e-01
7.126158330179725997e-01
7.129232213555238840e-01
7.130803877449083394e-01
7.130803877449083394e-01
7.132348760008955235e-01
7.135468384193630609e-01
7.137044857620288285e-01
7.138613343918982501e-01
7.140187255749836925e-01
7.141759437069034044e-01
7.143327240210061158e-01
7.144870277008434911e-01
7.146436393883199845e-01
7.147974100966877353e-01
7.151061121508797136e-01
7.151061121508797136e-01
7.152494640973676709e-01
7.152494640973676709e-01
7.152494640973676709e-01
7.152494640973676709e-01
7.152494640973676709e-01
7.153116542483995977e-01
7.153488686195910162e-01
7.154238529530934088e-01
7.154238529530934088e-01
7.153922319107993699e-01
7.153556769728829368e-01
7.152714299568639911e-01
7.152639617653235860e-01
7.152251248257507354e-01
7.150400914586986234e-01
7.150891930955437514e-01
7.148901236751566968e-01
7.148901236751566968e-01
7.147057770948757049e-01
7.147057770948757049e-01
7.147057770948757049e-01
7.144698609754956964e-01
7.142553630020403999e-01
7.142553630020403999e-01
7.139645539743993963e-01
7.139645539743993963e-01
7.136740658910246671e-01
7.133952656720281560e-01
7.133952656720281560e-01
7.133952656720281560e-01
7.133952656720281560e-01
7.133952656720281560e-01
7.133952656720281560e-01
7.133952656720281560e-01
7.135109390047387201e-01
7.136195034894480260e-01
7.136195034894480260e-01
7.137384457380080427e-01
7.138605055884258421e-01
7.139690168225234501e-01
7.139690168225234501e-01
7.142298638251560750e-01
7.145151268068334893e-01
7.145151268068334893e-01
7.148093909310123673e-01
7.149592962045502320e-01
7.149592962045502320e-01
7.151119171998719937e-01
7.154091691319746094e-01
7.155613069889391609e-01
7.157139024224815627e-01
7.160184800070773514e-01
7.161705853565810687e-01
7.163222153146668880e-01
7.166242448280589761e-01
7.167750190864984328e-01
7.169256937002793650e-01
7.170592864812794787e-01
7.170771639690689536e-01
7.172194081488635353e-01
7.172493535608901460e-01
7.172493535608901460e-01
7.172493535608901460e-01
7.172493535608901460e-01
7.172493535608901460e-01
7.171620298425503970e-01
7.171620298425503970e-01
7.171461317994509699e-01
7.171820946904563510e-01
7.171939448557732577e-01
7.172356083770929924e-01
7.172658045594978438e-01
7.173183701217956676e-01
7.170792476552341199e-01
7.168584739966482600e-01
7.167684742188528135e-01
7.165480089910282180e-01
7.165480089910282180e-01
7.165480089910282180e-01
7.165480089910282180e-01
7.161346311308600665e-01
7.159930447442001133e-01
7.157314165607893131e-01
7.151977811940741780e-01
7.149370091093554258e-01
7.149370091093554258e-01
7.146979551891081694e-01
7.146979551891081694e-01
7.146979551891081694e-01
7.146979551891081694e-01
7.143931639570798575e-01
7.143931639570798575e-01
7.143931639570798575e-01
7.143931639570798575e-01
7.143931639570798575e-01
7.143931639570798575e-01
7.145714832804490602e-01
7.147216440368590051e-01
7.147216440368590051e-01
7.149252653137567748e-01
7.150244367229202647e-01
7.150244367229202647e-01
7.151104048742745745e-01
7.152105940342167179e-01
7.152105940342167179e-01
7.153484443205305743e-01
7.154960725964634172e-01
7.155207701155471556e-01
7.156675593098429378e-01
7.156862075360727049e-01
7.158758328683956229e-01
7.158758328683956229e-01
7.160856042865494375e-01
7.162328754472876424e-01
7.163793884639441112e-01
7.166703607472711957e-01
7.166703607472711957e-01
7.169585445101054333e-01
7.172452043324455406e-01
7.172452043324455406e-01
7.173888427422541181e-01
7.173888427422541181e-01
7.173888427422541181e-01
7.172309089194276455e-01
7.172605389197402870e-01
7.172605389197402870e-01
7.171300163737149846e-01
7.170954329971926944e-01
7.168901062849760697e-01
7.169256563613652933e-01
7.167498616443033210e-01
7.167681670941061789e-01
7.166021269837713481e-01
7.161616629803096989e-01
7.161616629803096989e-01
7.159063313607051393e-01
7.156722257614489546e-01
7.156722257614489546e-01
7.153626028405275505e-01
7.153626028405275505e-01
7.153626028405275505e-01
7.153626028405275505e-01
7.150645402942045203e-01
7.150645402942045203e-01
7.150645402942045203e-01
7.147888355529664617e-01
7.147888355529664617e-01
7.144801512720672099e-01
7.144801512720672099e-01
7.144801512720672099e-01
7.144801512720672099e-01
7.144801512720672099e-01
7.144801512720672099e-01
7.144801512720672099e-01
7.144801512720672099e-01
7.145944300061517485e-01
7.145944300061517485e-01
7.146207675254329095e-01
7.147482841021531863e-01
7.147174542344274517e-01
7.148160456359348158e-01
7.149538733484432917e-01
7.149574980315150929e-01
7.150957301185533188e-01
7.152369048657858386e-01
7.152814997296563782e-01
7.154845959666508159e-01
7.154845959666508159e-01
7.157016721096031153e-01
7.159109948974248239e-01
7.159109948974248239e-01
7.161415414476508534e-01
7.162854294437637215e-01
7.164293779672280538e-01
7.165726314477719461e-01
7.168574721659038973e-01
7.168574721659038973e-01
7.171435132437223858e-01
7.171435132437223858e-01
7.174252830409865167e-01
7.174252830409865167e-01
7.174252830409865167e-01
7.174252830409865167e-01
7.174252830409865167e-01
7.173903747461055636e-01
7.174009801748985060e-01
7.173731018897006040e-01
7.173731018897006040e-01
7.172383090115423965e-01
7.170076360321712139e-01
7.170414903599076073e-01
7.167802928280159191e-01
7.167802928280159191e-01
7.167802928280159191e-01
7.164762894671781179e-01
7.164762894671781179e-01
7.163742849822350989e-01
7.162209485110493379e-01
7.162209485110493379e-01
7.160402256016515921e-01
7.155772211827000628e-01
7.153585272493591107e-01
7.153585272493591107e-01
7.151499169952162394e-01
7.151499169952162394e-01
7.149115754902634068e-01
7.146423165829882684e-01
7.146423165829882684e-01
7.143298937204657362e-01
7.143298937204657362e-01
7.143298937204657362e-01
7.143298937204657362e-01
7.143298937204657362e-01
7.143298937204657362e-01
7.144190099575606911e-01
7.144190099575606911e-01
7.145190160785566125e-01
7.146315611469783446e-01
7.147315422662701145e-01
7.148380392872577538e-01
7.149633212735818644e-01
7.150859165882922364e-01
7.153580772402386989e-01
7.154933280705779719e-01
7.156270458115230326e-01
7.157670402704676693e-01
7.159053047356060961e-01
7.160107154750050551e-01
7.162897300736507100e-01
7.164306125051874696e-01
7.165713551103503054e-01
7.168490764400109461e-01
7.168490764400109461e-01
7.171290779934799131e-01
7.172689383373689331e-01
7.172689383373689331e-01
7.175470637385648054e-01
7.175470637385648054e-01
7.178162851349471074e-01
7.180869759111935258e-01
7.180869759111935258e-01
7.182260694758326736e-01
7.182260694758326736e-01
7.182260694758326736e-01
7.182260694758326736e-01
7.181089195982527373e-01
7.180815793983887918e-01
7.180043622841439932e-01
7.179713561774127006e-01
7.177750111629885854e-01
7.177750111629885854e-01
7.174793636896820148e-01
7.172244785000470024e-01
7.172244785000470024e-01
7.172244785000470024e-01
7.172244785000470024e-01
7.172244785000470024e-01
7.172244785000470024e-01
7.172244785000470024e-01
7.172244785000470024e-01
7.169169376190898113e-01
7.169169376190898113e-01
7.169169376190898113e-01
7.169169376190898113e-01
7.169169376190898113e-01
7.166205441909436757e-01
7.163136044217720544e-01
7.160699740758507126e-01
7.157956989213166699e-01
7.157956989213166699e-01
7.155321217901501329e-01
7.155321217901501329e-01
7.155321217901501329e-01
7.155321217901501329e-01
7.157355590813018198e-01
7.157355590813018198e-01
7.159565628921106262e-01
7.159565628921106262e-01
7.160801840058350631e-01
7.162095657017604200e-01
7.163286814896195898e-01
7.164578060810037341e-01
7.165637254282326563e-01
7.168335976300199697e-01
7.169674345462599963e-01
7.171021181570044201e-01
7.172375137914943632e-01
7.173657694534033569e-01
7.173657694534033569e-01
7.173657694534033569e-01
7.174922809704157300e-01
7.176273026177999448e-01
7.179014026037006113e-01
7.180377461631037850e-01
7.181719918884799103e-01
7.184432331703033414e-01
7.185794921827556303e-01
7.187150529970238733e-01
7.189817788914584229e-01
7.191145375613157142e-01
7.192425401721833644e-01
7.192425401721833644e-01
7.192425401721833644e-01
7.192425401721833644e-01
7.192425401721833644e-01
7.190366810792117036e-01
7.189456665569493587e-01
7.186641055544387147e-01
7.184898487446471638e-01
7.184898487446471638e-01
7.183335265588560725e-01
7.183335265588560725e-01
7.182030073774052781e-01
7.182030073774052781e-01
7.181203496337026371e-01
7.176665376562193499e-01
7.176665376562193499e-01
7.174370790146378241e-01
7.174370790146378241e-01
7.174370790146378241e-01
7.174370790146378241e-01
7.174370790146378241e-01
7.174370790146378241e-01
7.174370790146378241e-01
7.174370790146378241e-01
7.174370790146378241e-01
7.174370790146378241e-01
7.174370790146378241e-01
7.174370790146378241e-01
7.174370790146378241e-01
7.174370790146378241e-01
7.174370790146378241e-01
7.174370790146378241e-01
7.174370790146378241e-01
7.174370790146378241e-01
7.176462631500075684e-01
7.176462631500075684e-01
7.178526079172712349e-01
7.179557991586517085e-01
7.180778660946804948e-01
7.180778660946804948e-01
7.181985983503699211e-01
7.184470333199508563e-01
7.184470333199508563e-01
7.187064062173953438e-01
7.188405897577376802e-01
7.189709007706239774e-01
7.192243448615902590e-01
7.192243448615902590e-01
7.194839517873388157e-01
7.194839517873388157e-01
7.196085984530727897e-01
7.196085984530727897e-01
7.198735302934654579e-01
7.201397289583808536e-01
7.201397289583808536e-01
7.204038123137185279e-01
7.206685035157556207e-01
7.206685035157556207e-01
7.209329876174351837e-01
7.209329876174351837e-01
7.209329876174351837e-01
7.209329876174351837e-01
7.209360996718923165e-01
7.209360996718923165e-01
7.208957302498933961e-01
7.206178830250128398e-01
7.203809174517813441e-01
7.203786065491984969e-01
7.203988316389583479e-01
7.203988316389583479e-01
7.201880035379508715e-01
7.199518608792361274e-01
7.199878482719127559e-01
7.197520449977931056e-01
7.197930476385955290e-01
7.197190014684023973e-01
7.197190014684023973e-01
7.196302536620178270e-01
7.196302536620178270e-01
7.195490804826487619e-01
7.195490804826487619e-01
7.194680134694797502e-01
7.194680134694797502e-01
7.192428361049757468e-01
7.192428361049757468e-01
7.192428361049757468e-01
7.192428361049757468e-01
7.192428361049757468e-01
7.192428361049757468e-01
7.192428361049757468e-01
7.192428361049757468e-01
7.192428361049757468e-01
7.192428361049757468e-01
7.193266275306887669e-01
7.193266275306887669e-01
7.193266275306887669e-01
7.194203896691844236e-01
7.195042228927231998e-01
7.195808454785493913e-01
7.196885564785870937e-01
7.199017747162711478e-01
7.199017747162711478e-01
7.201216830892031018e-01
7.203607454727327664e-01
7.203607454727327664e-01
7.206131570919483975e-01
7.208710412159617942e-01
7.208710412159617942e-01
7.211305559464271653e-01
7.211305559464271653e-01
7.213889959810794172e-01
7.215170086066782229e-01
7.215170086066782229e-01
7.217761140501428585e-01
7.217761140501428585e-01
7.220346714913313813e-01
7.221636466242133956e-01
7.222925920929980093e-01
7.225488747415451662e-01
7.225488747415451662e-01
7.225488747415451662e-01
7.225488747415451662e-01
7.225488747415451662e-01
7.225488747415451662e-01
7.224815628768138653e-01
7.223033298378014333e-01
7.223275056033978681e-01
7.221840022157912653e-01
7.220047432499585582e-01
7.220619066753810600e-01
7.220619066753810600e-01
7.219018364088564121e-01
7.219018364088564121e-01
7.216164137967446823e-01
7.214901954443807552e-01
7.214170630862541955e-01
7.212748446003831582e-01
7.210371945155353846e-01
7.210371945155353846e-01
7.208436790708313557e-01
7.208436790708313557e-01
7.206038060535624457e-01
7.206038060535624457e-01
7.206038060535624457e-01
7.206038060535624457e-01
7.206038060535624457e-01
7.206038060535624457e-01
7.206038060535624457e-01
7.206038060535624457e-01
7.206038060535624457e-01
7.206038060535624457e-01
7.206038060535624457e-01
7.206849203819535310e-01
7.207513013255454348e-01
7.209132332708212409e-01
7.209132332708212409e-01
7.209978527238805057e-01
7.209978527238805057e-01
7.210888191472772935e-01
7.211909222113042084e-01
7.213924074479062254e-01
7.213924074479062254e-01
7.216241044534991156e-01
7.217442842199184305e-01
7.218629646296368385e-01
7.219892237963203563e-01
7.221103591028245061e-01
7.222367924618338098e-01
7.223598754778284281e-01
7.226096890642701442e-01
7.227361147922523044e-01
7.228622517587897089e-01
7.229884226492636623e-01
7.232402962288498882e-01
7.232402962288498882e-01
7.234910203046842625e-01
7.234910203046842625e-01
7.236158049057573871e-01
7.238582995110049989e-01
7.239799435542595418e-01
7.239799435542595418e-01
7.239799435542595418e-01
7.239526663517663607e-01
7.239374724057758836e-01
7.237183634884721828e-01
7.236011878967228972e-01
7.236011878967228972e-01
7.234355168504928990e-01
7.234355168504928990e-01
7.232351384224411373e-01
7.229493031172119499e-01
7.229493031172119499e-01
7.227219110777785005e-01
7.227219110777785005e-01
7.224465713383664278e-01
7.224465713383664278e-01
7.224465713383664278e-01
7.221714820337601370e-01
7.221714820337601370e-01
7.221714820337601370e-01
7.221714820337601370e-01
7.221714820337601370e-01
7.221714820337601370e-01
7.221714820337601370e-01
7.221714820337601370e-01
7.221714820337601370e-01
7.221714820337601370e-01
7.221714820337601370e-01
7.221714820337601370e-01
7.221714820337601370e-01
7.221714820337601370e-01
7.221714820337601370e-01
7.222572344111423126e-01
7.223460502180405474e-01
7.224348610557668193e-01
7.224348610557668193e-01
7.225320727177776403e-01
7.226318035837397957e-01
7.227175257424525157e-01
7.229345736128965916e-01
7.229345736128965916e-01
7.230507742910977642e-01
7.232851425884880836e-01
7.234048005012446714e-01
7.235232290952564593e-01
7.236436858589317955e-01
7.237640382719804366e-01
7.238874637269667733e-01
7.241348407432817158e-01
7.242582787824315416e-01
7.243816780051619553e-01
7.246274441755420348e-01
7.247503656484778345e-01
7.248729090591171653e-01
7.248729090591171653e-01
7.249921796791056749e-01
7.251122225447397263e-01
7.252335452675952032e-01
7.253463149728917037e-01
7.253463149728917037e-01
7.254651767156554687e-01
7.254651767156554687e-01
7.252398361657579340e-01
7.249436930240275023e-01
7.249436930240275023e-01
7.249436930240275023e-01
7.249165395618917263e-01
7.249165395618917263e-01
7.249180345700443340e-01
7.249180345700443340e-01
7.249180345700443340e-01
7.246362734735128930e-01
7.246362734735128930e-01
7.246362734735128930e-01
7.246362734735128930e-01
7.246362734735128930e-01
7.246362734735128930e-01
7.246362734735128930e-01
7.246362734735128930e-01
7.246362734735128930e-01
7.246362734735128930e-01
7.246362734735128930e-01
7.243645987788251972e-01
7.243645987788251972e-01
7.243645987788251972e-01
7.241124653753581164e-01
7.241124653753581164e-01
7.241124653753581164e-01
7.241124653753581164e-01
7.241124653753581164e-01
7.241124653753581164e-01
7.241124653753581164e-01
7.241124653753581164e-01
7.241960255758460585e-01
7.242934024683136407e-01
7.242934024683136407e-01
7.243769495210975462e-01
7.244927529580850178e-01
7.245923871763093604e-01
7.247981081926225810e-01
7.247981081926225810e-01
7.250034888486680540e-01
7.251181933737738117e-01
7.252361301404466332e-01
7.254725688174021858e-01
7.255918153557855410e-01
7.255918153557855410e-01
7.257109587193507627e-01
7.259491036928079621e-01
7.260697114519124584e-01
7.261902131499264890e-01
7.263106790285022152e-01
7.265508376217962860e-01
7.265508376217962860e-01
7.267898103720595859e-01
7.269079098416657558e-01
7.270278161852521404e-01
7.271394767301614381e-01
7.272556758306458757e-01
7.272556758306458757e-01
7.272556758306458757e-01
7.272556758306458757e-01
7.272556758306458757e-01
7.272337291871832088e-01
7.271747946378503968e-01
7.271856875689579613e-01
7.270121444251081977e-01
7.270121444251081977e-01
7.270121444251081977e-01
7.270121444251081977e-01
7.270121444251081977e-01
7.267435978924393636e-01
7.267435978924393636e-01
7.267435978924393636e-01
7.267435978924393636e-01
7.264848501473428755e-01
7.264848501473428755e-01
7.264848501473428755e-01
7.264848501473428755e-01
7.264848501473428755e-01
7.264848501473428755e-01
7.264848501473428755e-01
7.264848501473428755e-01
7.264848501473428755e-01
7.264848501473428755e-01
7.264848501473428755e-01
7.264848501473428755e-01
7.264848501473428755e-01
7.264848501473428755e-01
7.264848501473428755e-01
7.264848501473428755e-01
7.264848501473428755e-01
7.265771954147487444e-01
7.265671028696237821e-01
7.265671028696237821e-01
7.266649392933379747e-01
7.266649392933379747e-01
7.267934844628289870e-01
7.269016217169829153e-01
7.269016217169829153e-01
7.270321966834131233e-01
7.270625902590314160e-01
7.270625902590314160e-01
7.271019239213161178e-01
7.271019239213161178e-01
7.272692797048488922e-01
7.272541675862606025e-01
7.273723066725272801e-01
7.274856460475030984e-01
7.274856460475030984e-01
7.276038115988333610e-01
7.277615221437317983e-01
7.277615221437317983e-01
7.278861614926740442e-01
7.280161619452516497e-01
7.280161619452516497e-01
7.281804262983142539e-01
7.281804262983142539e-01
7.284056283049006320e-01
7.285194240375104657e-01
7.285194240375104657e-01
7.285194240375104657e-01
7.282816802751241880e-01
7.281823682839511092e-01
7.279265013104715409e-01
7.279265013104715409e-01
7.279265013104715409e-01
7.279265013104715409e-01
7.279265013104715409e-01
7.279265013104715409e-01
7.279265013104715409e-01
7.279265013104715409e-01
7.279265013104715409e-01
7.279265013104715409e-01
7.279265013104715409e-01
7.279265013104715409e-01
7.279265013104715409e-01
7.279265013104715409e-01
7.279265013104715409e-01
7.279265013104715409e-01
7.279265013104715409e-01
7.279265013104715409e-01
7.279265013104715409e-01
7.279265013104715409e-01
7.279265013104715409e-01
7.276614416799602747e-01
7.274335552981667785e-01
7.274335552981667785e-01
7.274335552981667785e-01
7.274335552981667785e-01
7.274335552981667785e-01
7.274335552981667785e-01
7.274335552981667785e-01
7.274335552981667785e-01
7.275396802611374669e-01
7.276280736634785917e-01
7.276311209042999328e-01
7.277184175959523493e-01
7.278318119014259846e-01
7.278318119014259846e-01
7.278318119014259846e-01
7.278302741682826094e-01
7.279324071227241122e-01
7.280085745956362819e-01
7.279800201357161660e-01
7.280929118827811353e-01
7.280147753653141152e-01
7.280556537032619735e-01
7.281717638108748947e-01
7.281612941814590290e-01
7.282824248772477027e-01
7.283984139605707009e-01
7.284139566856675518e-01
7.284344783529054235e-01
7.285480948036446858e-01
7.286628191821213907e-01
7.287207520523285575e-01
7.289441317246151408e-01
7.290546147233761820e-01
7.290546147233761820e-01
7.290546147233761820e-01
7.290546147233761820e-01
7.289758078742750724e-01
7.288325046686802144e-01
7.288325046686802144e-01
7.288325046686802144e-01
7.286155132057787753e-01
7.286155132057787753e-01
7.286155132057787753e-01
7.286155132057787753e-01
7.283537135089314107e-01
7.283537135089314107e-01
7.283537135089314107e-01
7.283537135089314107e-01
7.283537135089314107e-01
7.283537135089314107e-01
7.283537135089314107e-01
7.280827990623425228e-01
7.280827990623425228e-01
7.278920196018160427e-01
7.278920196018160427e-01
7.278920196018160427e-01
7.278920196018160427e-01
7.278920196018160427e-01
7.278920196018160427e-01
7.278920196018160427e-01
7.278920196018160427e-01
7.278920196018160427e-01
7.278920196018160427e-01
7.278920196018160427e-01
7.278920196018160427e-01
7.278920196018160427e-01
7.279852089514391444e-01
7.279623222009177219e-01
7.279623222009177219e-01
7.280583284603531213e-01
7.280583284603531213e-01
7.280670841060378207e-01
7.281800619462551749e-01
7.282869859198464191e-01
7.283099629140202813e-01
7.284164029806642349e-01
7.285253028226253980e-01
7.285253028226253980e-01
7.286644431051024773e-01
7.286644431051024773e-01
7.287164909078894803e-01
7.288828745320637958e-01
7.289464344084278791e-01
7.289464344084278791e-01
7.290165001641172315e-01
7.291303715966990229e-01
7.291206766737851064e-01
7.292404932732865497e-01
7.292654665963300697e-01
7.292654665963300697e-01
7.293784168132055878e-01
7.294871191668499399e-01
7.297122471224276596e-01
7.297122471224276596e-01
7.298155746099292962e-01
7.298155746099292962e-01
7.297566665123467189e-01
7.297566665123467189e-01
7.297566665123467189e-01
7.295997162965294214e-01
7.295997162965294214e-01
7.295997162965294214e-01
7.295997162965294214e-01
7.295997162965294214e-01
7.295997162965294214e-01
7.295997162965294214e-01
7.293413018987577878e-01
7.293413018987577878e-01
7.293413018987577878e-01
7.293413018987577878e-01
7.293413018987577878e-01
7.293413018987577878e-01
7.293413018987577878e-01
7.293413018987577878e-01
7.290831052695547765e-01
7.290831052695547765e-01
7.290831052695547765e-01
7.290831052695547765e-01
7.290831052695547765e-01
7.290831052695547765e-01
7.288251261355626065e-01
7.288251261355626065e-01
7.288251261355626065e-01
7.288251261355626065e-01
7.288251261355626065e-01
7.288251261355626065e-01
7.288251261355626065e-01
7.289230232256371789e-01
7.289230232256371789e-01
7.289230232256371789e-01
7.289392409279372709e-01
7.289257816376601973e-01
7.290217319747221980e-01
7.291083408752314643e-01
7.291083408752314643e-01
7.292181746178748591e-01
7.293194795219455351e-01
7.293194795219455351e-01
7.293820443657266228e-01
7.293751608191858526e-01
7.294724310039412130e-01
7.294806803937001760e-01
7.296000042281430842e-01
7.297081375353980937e-01
7.297474929233561669e-01
7.298571534647912973e-01
7.300161577826638215e-01
7.300161577826638215e-01
7.301926754451663060e-01
7.301926754451663060e-01
7.303043104319103529e-01
7.304144224992444867e-01
7.305196092585972689e-01
7.306309703283737633e-01
7.307419120209037722e-01
7.307419120209037722e-01
7.307419120209037722e-01
7.307419120209037722e-01
7.306229846573024655e-01
7.306229846573024655e-01
7.304193279853291587e-01
7.304193279853291587e-01
7.304193279853291587e-01
7.304193279853291587e-01
7.304193279853291587e-01
7.304193279853291587e-01
7.304193279853291587e-01
7.304193279853291587e-01
7.304193279853291587e-01
7.304193279853291587e-01
7.304193279853291587e-01
7.304193279853291587e-01
7.304193279853291587e-01
7.304193279853291587e-01
7.304193279853291587e-01
7.304193279853291587e-01
7.304193279853291587e-01
7.304193279853291587e-01
7.304193279853291587e-01
7.304193279853291587e-01
7.304193279853291587e-01
7.301549579979178528e-01
7.301549579979178528e-01
7.301549579979178528e-01
7.301549579979178528e-01
7.301549579979178528e-01
7.302127187785634188e-01
7.302944143567715596e-01
7.302944143567715596e-01
7.303707930237781643e-01
7.304617471913502635e-01
7.304617471913502635e-01
7.306471765455465617e-01
7.307358551374144584e-01
7.308402558347597555e-01
7.310475810443414213e-01
7.310475810443414213e-01
7.312558225635396036e-01
7.313619610395143411e-01
7.314670026010987591e-01
7.316836309075491762e-01
7.316836309075491762e-01
7.319008765595943489e-01
7.320102847602619756e-01
7.321198526258794193e-01
7.323389850816200974e-01
7.324478985526499120e-01
7.325572028379385703e-01
7.327729363049300115e-01
7.327729363049300115e-01
7.328818795514202566e-01
7.329833795731789392e-01
7.330898300787491717e-01
7.330898300787491717e-01
7.330898300787491717e-01
7.330898300787491717e-01
7.330898300787491717e-01
7.330898300787491717e-01
7.330898300787491717e-01
7.330898300787491717e-01
7.330898300787491717e-01
7.330898300787491717e-01
7.330898300787491717e-01
7.330898300787491717e-01
7.330898300787491717e-01
7.330898300787491717e-01
7.330898300787491717e-01
7.330898300787491717e-01
7.330898300787491717e-01
7.330898300787491717e-01
7.330898300787491717e-01
7.330898300787491717e-01
7.330898300787491717e-01
7.330898300787491717e-01
7.330898300787491717e-01
7.330898300787491717e-01
7.330898300787491717e-01
7.330898300787491717e-01
7.330898300787491717e-01
7.330898300787491717e-01
7.330898300787491717e-01
7.330898300787491717e-01
7.330898300787491717e-01
7.330898300787491717e-01
7.330898300787491717e-01
7.330898300787491717e-01
7.330898300787491717e-01
7.330898300787491717e-01
7.332564337159064305e-01
7.332564337159064305e-01
7.332564337159064305e-01
7.333431070351431602e-01
7.335205958422188477e-01
7.336092810164329681e-01
7.337018348282335900e-01
7.339064189773559788e-01
7.340056207164999957e-01
7.341084195857441319e-01
7.343175922188557303e-01
7.344228467328424159e-01
7.345292764059832002e-01
7.347437864736352520e-01
7.347437864736352520e-01
7.347437864736352520e-01
7.345893514729117113e-01
7.344697251360257084e-01
7.344697251360257084e-01
7.345770251299195142e-01
7.345770251299195142e-01
7.344650494796501894e-01
7.345695460537076116e-01
7.346715223432733755e-01
7.347741043064123234e-01
7.347741043064123234e-01
7.347741043064123234e-01
7.347741043064123234e-01
7.347741043064123234e-01
7.347741043064123234e-01
7.347741043064123234e-01
7.346050279416603823e-01
7.346050279416603823e-01
7.346050279416603823e-01
7.346050279416603823e-01
7.346050279416603823e-01
7.346050279416603823e-01
7.346050279416603823e-01
7.346050279416603823e-01
7.346050279416603823e-01
7.346050279416603823e-01
7.346050279416603823e-01
7.346050279416603823e-01
7.346050279416603823e-01
7.343539161256371628e-01
7.343539161256371628e-01
7.343539161256371628e-01
7.343539161256371628e-01
7.343539161256371628e-01
7.343539161256371628e-01
7.343539161256371628e-01
7.343539161256371628e-01
7.343539161256371628e-01
7.343539161256371628e-01
7.343539161256371628e-01
7.343539161256371628e-01
7.343539161256371628e-01
7.343539161256371628e-01
7.343539161256371628e-01
7.344323191826400699e-01
7.344323191826400699e-01
7.344532996095327615e-01
7.345511183780788489e-01
7.345511183780788489e-01
7.346233647385264076e-01
7.346363617903282073e-01
7.347239072002612614e-01
7.347239072002612614e-01
7.348655618098772768e-01
7.350156018875501074e-01
7.350156018875501074e-01
7.351708266041809825e-01
